4000
25	39	-6	-5
-44	-14	38	-3
-47	-3	-46	-26
-18	-26	4	17
22	-26	30	0
-9	-4	21	0
18	-9	17	22
30	25	16	15
-25	28	8	0
33	-14	27	25
-34	-28	10	-21
0	0	16	-2
25	-48	-25	-32
-1	-43	-8	-28
3	0	44	30
-28	13	17	52
8	7	1	44
15	45	39	44
-21	-4	-39	-23
-28	45	42	7
-16	9	0	0
7	57	-12	7
-21	40	-5	-22
-38	8	30	38
11	-8	1	25
7	9	12	-36
-4	-35	-16	54
-1	19	-1	8
-1	9	-4	-10
6	33	-52	25
28	0	11	31
-30	1	23	-25
-41	0	-3	0
-11	13	24	-12
26	-17	17	-9
1	-2	0	-1
-23	51	18	0
-15	-48	0	0
-15	16	-3	30
-9	-3	-17	31
37	-9	38	-42
1	10	-5	10
22	10	37	-12
30	8	28	30
-2	-19	-24	44
-40	20	-18	-25
41	23	13	40
-24	0	-10	0
-15	-14	48	0
31	-27	22	-17
-44	-21	-8	-24
8	-1	-41	10
51	-19	-32	-21
12	4	0	-1
34	-16	-26	18
10	7	34	-26
-2	16	-53	-2
0	-51	11	-14
37	-16	-16	15
11	-18	-3	-13
-33	-16	-5	23
-17	1	-13	42
5	54	41	21
-10	45	7	9
-19	-36	-7	7
-25	15	0	36
-4	6	5	-3
-41	23	15	38
31	-36	-20	-27
-47	-32	-46	-31
-31	33	5	-9
31	-29	-39	-33
-2	2	-8	-5
16	8	-4	4
15	-41	-27	8
-1	1	1	-20
40	-11	11	33
10	-2	50	23
0	-1	-38	-44
30	-33	4	1
-18	55	-1	-2
7	-51	39	-22
18	-32	3	49
30	19	-6	0
2	-7	12	-14
30	16	-24	-27
-18	32	-5	-19
9	9	-40	17
31	23	0	1
20	21	20	0
-8	21	-2	-7
21	4	37	-4
-1	-19	33	20
-51	12	-41	10
41	-6	0	-21
-52	1	22	-51
0	-25	-43	-7
-13	-4	11	-31
-36	31	19	-38
-49	25	-2	-25
-28	34	34	-43
-21	13	-1	-53
35	9	37	1
-3	-2	-5	38
-47	-3	-4	10
4	46	-1	0
-46	-6	16	10
-4	27	-38	44
-50	-23	-24	-44
12	0	-6	-41
38	33	0	3
26	-45	43	-21
20	-14	29	-37
14	20	-13	-1
-21	9	-6	-2
-38	36	-37	-2
-37	-7	-29	-15
40	36	-18	-29
-44	38	11	-6
0	-7	23	-6
10	3	32	-11
34	38	2	-38
-15	38	18	-35
-13	-43	21	26
-36	34	32	-45
4	0	-11	13
7	43	-31	16
39	34	14	-4
-40	8	13	21
28	-19	19	-48
-5	2	13	1
7	-19	-49	8
10	56	0	0
-45	20	0	0
8	5	-19	-27
-38	27	-14	-56
-3	-16	-57	1
-2	4	-5	9
32	-44	5	-24
25	-25	13	40
31	-45	-19	56
27	0	34	-31
-56	1	23	-32
0	9	-25	-28
43	-29	-9	17
0	5	-19	2
-39	-3	11	-7
18	49	-57	4
1	59	-23	52
-1	-13	26	20
2	-23	-3	19
-18	-16	-24	-33
5	-3	33	14
3	-24	29	-10
23	18	17	26
-22	36	42	10
3	7	50	23
23	-24	42	16
29	-1	1	53
-3	-9	8	58
-9	11	27	30
-3	5	19	-6
9	8	-4	5
21	39	30	15
11	55	46	3
4	0	0	8
51	11	33	18
9	0	-29	39
-1	-13	26	1
-9	-16	2	47
4	-16	-26	33
25	-45	-17	22
-18	-35	-13	-13
27	-12	-33	-44
-49	-16	23	32
-6	16	-47	-16
2	36	16	33
-7	-19	12	9
17	47	53	12
-4	-59	22	44
-6	-11	-13	7
11	-41	24	-34
22	-4	3	-4
-16	-36	6	-5
28	-28	24	49
-18	-38	-19	27
27	28	-4	13
-15	-11	-14	19
9	5	12	-4
48	-4	26	-16
-2	0	-40	-32
-26	6	11	-5
-15	6	-47	-20
0	1	-24	48
2	10	5	3
-5	4	1	23
-35	-30	8	-42
24	53	-43	13
3	5	36	-35
0	3	23	-52
0	0	52	-25
4	0	45	-32
11	-26	-42	28
-38	33	-3	-23
-16	-49	-12	-1
-19	30	-11	-9
-8	-29	28	42
0	0	14	37
-1	1	28	-22
0	49	-38	1
13	12	7	41
5	5	4	24
-2	-11	13	5
-15	-47	30	-8
5	14	1	1
-7	21	29	7
4	2	-41	-24
-40	17	-25	-45
-5	22	-8	17
10	-24	21	0
-16	2	15	-25
-33	40	-7	-9
9	-6	-4	29
30	-50	19	0
-41	30	-11	-4
-30	15	-31	-10
-40	-31	0	-22
-10	3	16	34
22	38	-11	10
19	32	-15	-37
0	-2	-17	13
-16	-13	-2	51
-43	2	31	-29
38	37	4	-8
-8	-23	19	-25
-24	-40	4	11
-14	21	16	16
-30	7	-15	43
-6	7	-1	-16
56	0	10	-35
-7	24	21	55
12	41	-15	37
15	-6	23	-49
-20	-30	35	-16
10	33	-3	38
15	4	-8	-28
2	1	5	4
-23	-30	-8	13
1	-4	-21	-8
6	0	45	2
-3	-2	-4	49
-18	28	12	-4
20	-7	4	2
6	-35	18	9
-7	6	23	12
1	14	-18	-10
-26	19	-1	-13
1	19	-32	1
0	-39	42	-28
0	0	-13	-3
36	-3	-5	14
-49	11	13	-49
37	-32	2	44
28	21	-36	25
5	7	-26	33
-32	12	-30	10
24	25	-38	-25
6	40	13	-6
1	-29	3	38
-59	0	44	-30
-37	-9	34	20
0	1	-21	-43
-7	-44	0	-49
32	-20	8	28
-37	-10	24	16
-30	-12	-12	-5
-3	-4	5	-47
-22	-4	-8	-6
-14	-4	26	-23
-19	-25	-10	-7
-34	29	1	-2
-22	12	3	17
-16	-9	10	51
-26	30	-26	16
2	-11	4	-7
-31	7	-35	-29
47	-34	48	-8
0	-17	1	0
5	14	-41	-23
3	0	-13	2
-14	-14	50	-18
-7	0	4	9
-26	38	-12	-29
17	33	28	-31
2	0	20	-7
43	10	-1	0
14	-44	-13	-28
-39	-39	10	30
-16	6	-45	-4
45	33	15	8
-16	6	-44	27
-17	24	54	-15
43	31	-10	43
43	18	0	-1
2	5	16	20
0	0	-17	-19
-47	3	-46	-18
10	-4	-27	25
-13	-39	-24	-33
3	2	-55	4
40	38	37	5
-14	14	-16	-14
-3	-3	-7	8
-13	21	-7	-18
-8	-7	-18	-9
47	-15	36	35
6	21	29	22
0	0	12	26
-56	10	-27	32
37	25	-55	3
9	-11	-5	56
-15	26	-3	-3
-2	-6	12	-6
-31	-48	31	-42
22	-49	-33	16
28	-13	44	3
-12	10	7	-31
-17	0	-31	1
-2	-20	36	-5
-30	-27	-6	11
-37	29	11	9
32	23	-16	1
-4	20	0	-34
39	-12	14	21
51	-26	-7	16
0	9	-7	19
26	-33	-34	-47
30	14	-4	40
3	6	0	0
-10	-7	-52	9
15	14	0	12
-16	36	-15	38
41	-20	7	0
-21	35	1	1
-12	-19	-43	7
35	-41	-38	29
2	41	0	3
-13	-12	7	8
-23	42	0	-3
5	0	55	-19
24	0	0	-35
-35	15	4	19
-29	-30	-7	51
-43	-1	30	-12
7	-8	-1	-1
-31	-16	18	22
-49	-28	3	46
10	-54	-21	16
0	-1	-41	14
-49	-2	0	-26
1	1	-47	-4
58	-11	25	-5
-4	-40	13	-2
35	-19	14	-13
1	-2	19	4
-6	0	20	-16
14	-11	38	38
34	23	-34	-19
-2	11	-5	-3
-33	-30	-15	5
3	-4	-7	0
-51	-3	1	-21
-15	-43	-22	-1
18	50	-42	-20
27	17	18	0
-37	4	16	-55
-22	2	16	55
-14	-20	-1	0
1	-7	25	35
5	-1	20	-21
-7	24	-3	9
0	10	43	5
16	-21	24	11
-1	-3	-17	-55
-7	13	-3	3
-30	14	0	0
34	24	-10	12
-54	19	-36	2
35	-26	0	-37
0	1	-36	23
-19	49	31	-11
-9	7	-8	54
43	-33	-22	7
-27	7	-11	-3
-55	11	0	7
-52	-27	31	12
-15	2	-33	27
-48	-14	-7	-6
49	-25	1	-1
16	11	20	53
11	12	36	-19
30	34	12	-19
37	39	4	-24
-7	-11	33	-4
43	38	12	-50
-6	0	37	8
34	4	-13	-5
49	-7	-18	3
51	-23	-6	-53
-9	32	-24	19
9	44	41	42
12	6	-38	-45
5	4	-4	-23
-26	14	-17	3
-31	12	-8	11
19	47	-11	-47
12	54	-37	32
-7	-13	-4	-31
-11	20	58	-7
24	-3	36	0
44	4	9	47
-28	-10	-14	39
-56	4	-44	38
25	-53	-9	58
12	-8	-48	-22
-32	-49	10	4
-53	6	-19	17
23	10	5	10
-20	-27	17	-19
38	-13	-6	9
-18	10	-34	15
51	-8	-21	-25
10	-17	22	2
-33	-39	-19	-14
-56	-14	-13	55
-30	35	-32	-13
-48	-3	22	3
4	-12	22	8
57	0	-11	28
-8	16	2	-11
-44	-19	15	-23
0	0	7	-2
-11	-48	-35	-11
35	-29	24	42
9	-3	1	-32
-4	-43	-27	-46
15	32	-22	6
6	2	54	-3
11	-38	-3	0
4	7	-55	16
36	36	-7	-6
-45	-34	-31	25
-12	28	-2	12
3	47	-45	0
46	-12	-2	22
-23	0	-10	-20
12	-21	-24	39
-19	-50	13	2
25	-44	-13	9
-36	7	10	0
24	-7	-32	-49
-8	6	-28	-9
-45	13	16	-10
-8	-27	-39	-37
4	5	47	-6
6	1	-56	-2
-17	-52	-1	16
-33	5	-14	-4
-42	-38	11	-17
0	4	13	11
0	-22	42	34
-17	-10	28	11
16	51	7	-3
13	-18	-29	-21
-1	-7	-5	-9
-19	-6	45	-30
-12	-47	-8	-11
13	1	15	-7
13	-11	2	13
-37	-17	24	-40
38	27	3	15
2	18	-10	-7
26	37	5	-13
48	-8	0	0
13	16	-14	8
-49	0	6	9
-23	-44	27	-52
10	-7	4	-3
40	3	41	-6
-15	-42	-37	31
-23	-37	24	41
33	-6	20	-13
11	3	-30	15
-13	-22	-28	-9
0	0	46	4
28	-9	18	-38
0	-46	-3	32
0	0	19	14
-10	6	-2	5
23	-5	-7	10
-16	10	6	10
0	0	-13	39
-17	31	11	-13
-10	7	47	0
10	-21	-53	4
2	-29	-33	22
-28	33	30	28
-16	-4	0	-14
-26	-35	31	27
-33	17	22	-10
13	-20	19	15
13	9	-7	13
26	49	9	-6
-22	48	28	24
6	1	23	49
-29	-39	19	18
-8	17	-8	4
-16	14	27	-8
10	-5	41	14
-38	-17	38	38
-3	48	-1	-5
22	19	-15	14
38	2	-9	-1
3	2	25	21
0	0	-13	-48
6	11	41	-31
6	-11	12	9
39	-2	1	5
-12	-15	28	-14
-20	-25	-3	-5
45	18	-13	-6
0	-11	54	1
-17	2	3	-48
17	3	52	8
36	-26	52	-9
-14	-4	-35	-41
-16	20	38	-43
8	-16	-26	-13
-7	25	33	42
-11	-12	7	-17
0	27	-31	38
8	22	-42	-5
-14	-12	2	0
18	-2	-28	-12
-25	-14	-43	41
-40	2	-47	35
-26	-38	-1	3
-1	10	6	16
15	25	-2	-41
47	31	20	32
24	4	25	-2
29	45	56	-9
-11	-4	12	19
-26	-8	-6	14
-30	15	18	-19
0	-1	-36	-16
0	3	-48	-27
0	27	19	13
0	44	-25	-28
-14	-33	-37	42
11	-17	-12	2
3	17	2	-36
-2	-3	-9	2
18	2	0	-17
-6	44	21	-11
27	2	-37	-15
-23	50	-43	-18
-32	-44	-26	-45
42	-1	35	-3
26	-18	-25	15
-14	-1	-18	17
-16	23	0	-27
14	-40	-29	39
-20	28	21	11
2	8	11	-26
-24	13	-9	46
-29	16	7	3
-2	-3	6	-23
-23	53	30	-37
15	12	44	21
-10	-4	6	-5
-48	-6	-42	5
0	45	40	-11
-13	33	22	-12
40	-27	-6	3
-14	-44	-9	-16
10	-21	-4	-2
-2	34	-22	53
5	45	0	-48
-25	-53	-13	-20
-6	-6	16	-56
-39	30	-9	45
6	-13	-2	45
4	4	-22	36
9	56	45	-9
12	-16	-22	-1
-19	3	32	23
14	14	56	-4
-1	0	-20	29
-5	3	-11	-14
-9	12	-24	9
-12	-32	-33	35
14	1	5	17
4	-24	-11	-45
-16	17	3	-25
-31	31	-25	-22
15	1	-39	-44
-9	-19	-29	-33
32	13	-1	3
35	-24	49	-16
45	-15	-1	-2
-5	-34	0	-2
-43	-23	0	-1
-37	46	10	45
5	1	-2	-7
24	8	33	-2
-30	-36	-20	23
6	2	-33	-20
31	4	-3	-6
10	5	-8	-39
5	37	-17	-54
-13	25	-27	-29
-16	-17	54	-22
2	-41	-42	-26
11	-47	-3	-37
-11	2	-38	32
-23	16	0	0
8	30	48	16
-24	20	-25	-31
24	7	-3	-2
46	29	59	-3
21	20	1	0
-20	-17	0	15
-32	-12	-13	17
-3	24	9	-15
-37	11	-9	-16
17	44	-26	-35
23	8	-40	-34
14	-1	-32	48
29	1	-5	-23
-22	-19	29	-28
0	-11	4	-1
-14	26	48	32
1	0	-40	27
2	-15	-7	0
-15	-41	40	34
52	24	6	-2
-44	-20	17	29
-11	34	-21	-39
-3	-1	25	0
33	31	32	45
-50	-18	-11	6
14	6	-34	-34
-11	-24	-2	0
-3	-51	8	8
-28	-7	0	0
11	34	-19	21
-32	21	4	-10
2	51	-16	45
30	16	-5	-15
16	0	43	6
6	46	-14	-37
31	-31	-27	8
13	26	-18	-22
13	-40	-20	-5
-7	-1	0	0
-43	33	37	-29
8	-48	35	12
18	53	28	44
15	-19	35	8
5	12	-32	23
14	-10	-13	-41
-5	-1	15	-33
-9	1	24	-41
27	-4	5	-32
-26	10	2	-3
-32	21	28	-12
-2	-1	30	-34
-3	1	-15	21
-25	-45	26	-19
25	-4	0	-27
21	-36	30	-31
-43	2	-28	9
-10	-29	4	-1
-14	2	2	-16
19	-4	-3	6
3	-17	38	-6
12	-6	11	57
-3	-6	-31	-2
11	-11	-46	-11
-24	-3	37	-20
35	-5	3	0
-25	-1	0	0
-46	-27	-27	-26
46	-32	-47	-5
4	11	-41	15
-11	-16	44	30
3	5	-43	-37
-2	-23	12	-53
0	-30	42	13
2	2	14	44
33	-21	0	1
45	0	9	4
32	-40	27	6
20	15	1	35
38	28	14	0
5	7	16	-54
-21	12	-6	31
-20	10	-3	54
34	0	37	9
-49	-12	48	-1
-2	-11	32	-29
0	2	-3	-6
-3	-1	-4	3
11	17	33	-22
18	4	7	-11
-35	33	25	-7
26	-1	17	-12
16	27	-39	-39
0	2	-24	-35
-36	-1	1	12
-45	-18	-8	-32
-53	12	26	-11
10	51	37	-31
20	-40	-40	-40
5	-14	5	-12
-26	-49	31	13
41	-19	0	0
16	-36	-38	-1
-34	16	-13	25
-17	29	9	-52
-15	5	18	49
13	36	5	2
-18	-34	45	-9
1	0	10	-16
-14	-12	-1	-4
13	5	35	-20
47	36	-37	19
13	6	-38	-39
38	-37	-51	-10
-45	-28	17	15
0	29	2	0
5	6	5	-54
-42	-38	0	0
2	14	22	50
25	-27	5	-56
-38	-19	23	17
-10	55	-7	-16
-19	38	-33	44
-44	-17	-6	-7
5	-27	13	-4
-20	-26	3	0
-16	-51	-6	11
0	0	-18	-1
45	-33	-31	-33
-21	48	-1	-14
22	-8	41	8
-1	-4	-12	50
24	-2	2	27
24	14	-9	-2
-5	-36	5	4
-12	17	2	10
-54	2	-7	7
-29	-5	3	31
-44	18	-5	-1
-25	-42	-33	-18
19	-17	6	-12
-25	-41	-33	15
2	-13	-9	26
-9	15	-4	41
0	4	23	28
-10	-2	6	20
-16	7	11	-4
12	-12	-13	-29
-30	-28	3	37
7	0	46	18
-10	-58	-18	-47
10	-26	10	-30
-3	-7	-6	-35
18	2	-1	1
-1	10	-1	-17
-38	22	31	9
-46	0	-6	0
-4	40	0	-1
0	-1	5	59
31	-12	-35	11
3	-23	-26	-19
33	44	-3	-1
49	28	10	33
-46	0	-11	-37
1	4	-29	47
24	26	-48	-11
0	-49	41	-36
-11	2	-21	-13
40	-38	0	19
39	33	-21	22
-19	-20	-1	0
22	-14	-52	-8
-4	-2	-12	-19
-53	-4	2	-1
-1	4	5	9
-17	52	-9	34
-27	-7	11	0
5	-19	21	25
33	23	49	19
5	-1	16	-10
-58	-9	0	-31
22	10	29	10
-26	52	0	0
43	1	54	-22
25	-38	-40	-20
0	-18	30	4
0	1	8	-9
30	-3	5	2
22	-20	-45	-17
-6	-44	-51	-3
10	11	36	-37
2	50	27	-13
6	24	-31	40
16	-5	-15	-36
-41	2	-16	-5
-55	-4	-15	-20
7	19	10	-28
19	9	1	0
42	40	14	40
-53	-14	-35	-8
-37	-30	-51	-24
18	12	4	5
-34	0	-2	-30
0	-4	-11	-24
-4	10	0	-3
53	-11	21	1
-50	5	-11	15
-9	-47	-5	-2
16	-49	-28	0
11	46	28	-4
9	-7	6	3
45	23	-2	-39
15	-12	-19	-46
-12	-4	16	35
4	10	-25	-1
16	-19	-9	10
-7	15	-44	10
-48	-26	-2	40
43	6	-5	17
-4	16	2	-1
-29	36	6	-2
-32	45	11	-36
-20	3	0	-1
2	-16	-4	-4
-29	21	41	-36
-3	5	-5	-29
17	-31	-1	22
0	0	14	-19
-23	-27	-1	31
13	-32	6	34
-4	-9	0	-4
-40	-11	30	-37
-23	-31	-5	27
0	52	-22	-48
36	-40	51	21
-16	39	3	-8
28	17	-33	4
-4	-29	-7	37
24	3	-8	16
-3	-29	-3	41
40	-11	35	-36
-10	-13	19	-26
10	37	-31	-5
-22	39	-24	-45
-11	9	-6	-8
42	-31	-2	-27
33	39	25	-49
44	13	2	-9
33	2	26	31
12	-36	-6	-9
5	-14	-28	-29
-34	-6	0	3
15	-21	-49	0
-1	-3	51	-1
-49	-21	22	7
-11	-44	1	0
-20	-5	-3	7
-26	18	-31	-2
42	-14	-15	49
10	-48	11	-21
-24	-2	-12	36
-42	-15	0	-20
-28	27	-13	-4
8	-7	21	20
26	26	-26	-2
52	14	-18	16
-13	16	-10	-15
19	-32	46	-3
8	1	-35	-14
7	4	40	-30
50	-31	-21	49
6	31	16	-43
-2	-12	3	-20
0	0	-30	-6
-21	24	44	2
-6	30	-23	2
-1	0	23	-31
32	31	-1	10
-27	-4	-24	-12
0	-1	-55	15
12	20	0	0
-28	-14	-27	15
-22	48	26	-31
21	16	-10	19
-45	20	27	-2
2	-30	-2	21
-37	28	-5	8
8	-14	-4	0
-7	-41	34	-27
56	19	-9	-39
10	-58	-5	-51
-8	1	-6	-23
4	22	-15	-14
-24	19	26	-40
-23	4	-4	-6
-2	0	15	-26
-16	12	44	16
3	-1	-26	-23
3	1	22	44
16	-19	-19	32
-6	-13	-29	13
-1	-3	-22	6
-20	4	-23	-8
34	8	13	-14
17	2	-31	9
-34	0	4	5
-29	-10	16	11
17	-11	27	52
-31	13	-1	-19
-20	3	4	4
55	-5	3	-6
6	10	-4	0
0	29	-8	16
40	22	-28	-29
29	-13	-3	59
52	24	-54	9
-9	0	27	2
10	14	6	-4
34	14	8	-37
31	-20	-2	21
-7	40	8	18
36	14	14	7
-13	1	57	-1
55	17	13	-47
27	-26	56	13
21	-37	2	-24
28	-43	32	40
12	-58	-8	45
0	0	-7	55
-12	-39	-4	-26
30	-21	0	-24
5	-1	40	-32
-29	0	-16	-27
4	15	-9	55
1	-29	-11	-54
-7	-9	7	-45
-9	-23	-4	-9
-29	-2	-30	-29
-18	-8	-2	13
41	0	-4	-4
-12	35	20	12
23	-7	-38	29
-14	-14	16	33
-3	10	-43	0
-17	-24	-27	14
18	52	38	-42
-49	-28	13	-28
-5	11	18	23
-45	-24	13	0
0	2	-5	34
-26	-46	22	-34
12	-14	16	38
31	-41	2	5
-8	52	-4	-1
-6	14	-2	-18
0	-5	46	-3
-43	-16	47	-18
9	-38	-11	5
-23	49	38	45
-22	-36	-17	-56
8	-24	-21	-21
8	-19	54	-1
-32	36	-16	30
9	-32	-46	-10
0	0	-35	44
7	18	14	40
-49	22	-10	-48
-4	-20	5	38
-24	13	37	44
-36	-32	-12	-39
40	4	-14	-25
51	3	-7	-1
-2	-56	-4	16
14	-6	-54	-16
-19	55	16	-11
38	0	9	-55
-1	2	-32	7
45	2	30	-20
-15	-7	-5	22
-6	28	2	4
-11	-31	2	-24
2	25	-49	4
-15	0	-34	10
16	56	0	17
6	37	2	0
53	7	2	3
40	-7	-4	3
-4	-32	40	-22
-45	16	11	-4
22	-51	9	-41
-1	-19	8	-22
-23	-34	19	-6
-12	36	-21	-17
55	9	19	36
-27	-16	-4	19
-34	11	-14	14
35	3	-27	-44
12	6	20	32
-53	-14	-9	-32
7	-9	-20	-16
38	38	-12	19
0	-59	7	31
-25	-17	-30	19
0	0	2	33
21	-16	19	22
2	9	11	28
2	-55	-49	18
21	-17	-3	-22
-5	1	31	-5
-4	15	-4	41
24	15	28	24
52	-27	37	3
16	30	7	4
-33	-3	40	13
7	-40	-53	24
46	-19	-7	-5
15	-25	-10	-6
41	-2	0	-1
31	3	43	-9
-4	-1	55	14
26	0	42	-24
-17	-9	30	20
-19	-25	31	21
47	-31	22	-34
-22	11	4	4
-1	-59	4	-38
-22	-19	-14	24
34	48	3	0
46	13	33	0
-8	54	3	14
20	26	4	0
-8	-32	-10	-3
6	30	-16	40
-41	-8	16	-38
-41	-39	-3	-20
-18	4	2	20
34	32	17	49
12	34	-37	17
-53	17	-6	-1
10	-6	17	9
6	4	-1	-17
-46	0	16	52
49	13	-37	40
-27	-31	-11	1
-3	1	39	1
5	4	-18	-46
-47	0	-18	-51
15	53	4	40
-13	11	-51	-22
1	3	23	-40
-19	36	-35	-15
40	0	-25	53
14	-23	0	1
23	4	5	9
12	-23	-50	-14
11	5	24	51
5	-50	-14	1
-33	-9	31	36
-4	17	-47	-30
32	37	0	0
10	-2	16	-13
-11	-20	-50	32
-10	44	-3	32
20	51	15	-12
47	-16	22	-50
18	4	-22	31
0	0	-1	-46
-13	-16	-17	46
-42	-9	-9	17
-53	16	16	4
-11	-24	36	-21
-4	-18	3	-11
29	4	-19	12
-1	-8	-3	21
-37	42	14	-48
5	47	-20	3
-13	7	-33	-19
-2	54	-1	10
0	6	-4	3
13	-19	14	-50
21	17	16	49
53	-9	5	11
9	-15	3	-5
42	-1	28	-37
0	0	8	36
12	-11	2	54
-41	-33	46	5
-24	47	49	21
8	-6	32	-49
-14	9	-40	-2
42	-6	-7	-25
0	0	-2	18
-41	32	14	-26
9	32	-29	-32
0	0	30	8
-46	-13	0	0
-15	-35	44	24
0	-26	-4	0
-15	36	4	15
-11	45	4	-31
34	35	-32	-15
38	-39	5	-8
-25	-25	5	26
19	-19	41	-16
11	47	-8	0
-1	1	-26	40
-16	-5	58	-4
-7	3	-50	-10
25	-18	-16	-2
38	27	-33	-3
-6	11	28	-36
-7	-12	-16	-37
-13	-55	-44	-1
-14	-24	-5	5
0	0	-4	-54
-13	13	16	18
-35	36	-12	37
11	-6	-11	19
13	24	7	-5
-16	-45	36	-28
34	-6	-36	-2
-17	-52	-6	59
-51	-29	0	0
0	52	41	-20
-37	17	-2	3
36	25	-38	23
-11	-31	-7	-18
19	17	-13	-26
-25	-16	51	-15
1	-18	23	-38
53	-21	-30	0
0	0	9	-45
-2	52	6	4
45	19	16	13
-42	20	-12	21
17	-18	-32	13
-6	6	-31	22
10	20	16	35
-2	-12	-9	-36
45	19	6	-4
6	-4	14	0
18	32	-6	27
11	25	12	18
-24	-52	12	-34
-50	10	15	3
0	0	43	-21
15	17	23	-1
-8	39	-12	-19
-5	51	-16	0
-15	-33	-52	-26
-12	-53	17	-21
-12	-9	-24	-41
-1	0	-2	-41
-13	-57	3	-34
-25	23	-1	-6
37	39	26	-6
2	0	-29	-48
2	30	31	12
-10	47	-44	33
-23	-32	3	7
-19	-34	0	11
-9	24	-17	-6
-29	31	54	-9
-15	-22	-11	31
-7	16	-32	-7
55	1	-41	-1
6	0	-11	36
13	-3	-2	32
-12	1	14	12
-32	-19	-10	-19
24	18	43	-40
-41	22	-10	14
7	54	-8	2
9	18	36	20
19	9	-24	-15
23	1	1	2
-14	41	-10	-57
3	12	-42	-13
0	0	23	-47
10	27	-28	32
-18	13	58	0
-6	-2	6	3
-20	-20	-37	21
-17	21	-39	-29
-27	-40	-7	9
4	19	-3	3
1	16	-18	-56
-16	35	-54	12
6	32	-1	-6
-28	-19	-39	17
37	-23	21	-10
31	45	-41	-7
-25	-2	21	5
-8	-42	24	-33
29	26	36	15
5	33	-18	-12
-25	-1	-10	6
0	0	-44	0
4	7	43	-37
6	33	28	-15
-33	34	-59	-2
-29	3	-14	-17
38	-35	22	-10
-5	34	37	-15
-7	-8	8	-10
10	52	3	-34
37	11	45	15
31	23	-53	10
-11	-4	-36	12
-33	6	-36	-35
0	0	10	-56
39	18	-5	0
32	19	5	4
16	43	-11	5
2	39	-13	10
-47	-23	14	-21
-24	43	-34	-17
50	-28	32	-49
-4	31	47	26
20	21	-20	4
22	-17	51	7
-10	25	30	-27
-56	-20	-39	25
47	-21	-10	-57
24	-42	-12	0
2	1	-43	9
-24	30	-22	29
3	-19	-13	25
28	-18	-39	39
12	5	-13	5
-47	-26	-39	-34
-18	-40	13	-41
-7	-12	-30	30
45	-30	16	-2
9	40	-30	5
-8	-26	22	-10
-3	18	22	46
18	-16	7	7
-11	-12	0	26
-16	1	6	12
-6	-54	0	-7
0	2	7	-52
36	6	32	-15
-4	-5	9	21
50	12	-15	-10
-20	50	0	-33
8	-3	31	-39
3	-28	18	-13
38	-2	42	-10
6	-52	54	-13
-28	-4	44	37
27	-6	-14	30
-18	27	-51	-27
-25	21	-18	-3
24	6	-16	-12
9	4	51	25
-12	13	-25	14
27	9	7	-2
-54	-13	2	27
4	7	-6	-5
22	-10	24	7
-23	8	-25	41
14	42	-33	-16
-3	-1	-53	-11
-33	41	-15	20
-20	13	-34	40
26	-38	29	-38
-34	-13	-27	-14
50	26	54	21
-26	-28	-6	-8
-26	-25	-26	-13
17	2	13	46
21	-2	-23	-4
1	11	45	32
-9	21	-20	9
12	36	-44	15
-38	4	15	-25
-2	5	-37	8
2	-16	4	-5
2	13	1	-27
29	-25	-2	1
-17	32	-3	10
-37	-2	-1	7
31	7	1	30
22	13	-13	6
14	24	-34	47
0	-35	-1	-1
11	-44	-28	-23
17	1	-25	20
-43	1	-38	29
0	0	41	21
-14	6	-28	-29
-21	-1	-52	28
-17	-40	-8	-8
16	29	12	-6
-31	-27	-20	-32
32	14	-25	4
-20	13	-23	-22
52	2	12	9
-8	-48	7	-13
34	-33	19	-27
31	-5	-3	-16
-2	-1	46	26
-47	10	6	-13
-13	46	31	-44
8	-1	-15	-14
38	12	8	-31
-13	35	-1	32
5	-7	0	-14
5	33	15	8
-27	6	1	49
40	-4	25	-2
12	-55	-44	21
-10	22	6	2
19	53	-9	-56
-4	52	-32	-29
-6	-29	16	33
-8	-6	17	12
5	14	13	29
10	55	7	-9
-16	40	-36	25
-9	-51	-26	12
0	5	9	0
-15	-41	0	28
17	-6	8	-33
22	18	6	-4
2	3	3	-12
-33	48	3	-7
26	26	9	54
-3	0	24	47
2	-4	9	7
6	-52	-41	18
-16	6	22	-23
-20	15	-29	-4
13	-33	-1	57
6	7	-14	12
1	-7	36	7
1	0	-11	24
-18	7	-45	-38
5	46	-2	-33
28	-4	35	9
-9	-33	-31	8
54	13	-10	-47
26	36	24	34
27	33	3	38
24	-27	0	0
-43	-25	58	-5
-2	-5	40	13
17	19	16	-6
27	3	-56	12
17	-8	-13	-50
32	-27	26	-4
-22	22	4	-4
41	24	-9	50
22	-20	6	15
-1	-11	-14	-17
2	-54	0	0
0	-36	-4	-56
42	-25	-1	1
-19	41	-20	-3
5	-12	8	19
-40	-17	-1	0
-1	-48	8	-4
1	-9	41	7
-30	-11	5	-16
-9	-48	-26	4
3	-20	-30	0
-5	8	0	-57
-27	27	-10	1
51	7	-31	-5
-15	49	-14	17
28	19	8	-7
-48	-32	14	0
-33	-47	16	-9
10	6	38	19
-4	39	0	-16
29	3	-41	-33
35	-32	-13	-10
-49	29	1	8
1	-22	30	30
0	0	45	9
53	-7	-37	-12
-3	-12	51	-19
30	27	-12	-25
4	-58	-37	-5
-49	-20	-28	44
-57	-5	32	-7
-20	-26	-16	37
0	-35	48	-34
-43	-1	18	-2
16	4	18	4
-18	21	21	53
-18	20	13	-17
24	44	-7	-7
18	-11	30	31
26	-7	11	8
-4	-2	-1	9
-34	32	-2	10
24	1	16	0
-3	-5	-30	13
-17	51	-56	-5
1	-30	20	37
-13	47	2	1
-6	8	10	15
6	-1	-20	8
-35	-12	-6	46
-2	8	-42	29
13	28	20	-2
15	-9	13	12
-27	5	-45	-20
12	31	-48	17
-7	-30	-46	-27
33	-13	-24	-13
-26	-18	33	23
-52	0	29	9
16	-2	21	-2
-30	24	-9	-36
-5	13	19	48
-10	0	51	-1
-31	-7	-7	17
0	0	-49	-33
-20	-6	6	-30
-34	-47	1	0
-4	19	-31	-34
-44	2	12	-12
-40	-36	-4	-30
31	-39	7	1
22	-11	-12	-1
-51	21	-15	-27
7	-14	40	3
-24	16	-49	6
8	15	30	34
-48	8	7	1
25	-25	-31	-39
0	-19	2	-18
-5	1	23	40
50	17	11	6
-10	-14	-5	-59
31	-39	29	43
-17	-17	48	13
21	-23	4	-18
0	1	30	2
-21	23	2	7
1	-14	18	29
28	10	0	-1
-18	16	24	26
0	-52	-23	-11
45	-33	-20	50
21	-22	36	31
-51	-7	8	50
-2	-35	-7	2
-20	26	-14	-57
-32	10	49	-2
10	26	21	18
26	-37	13	21
-4	-45	5	56
-45	-5	-35	7
7	22	-40	39
-55	1	-12	5
19	11	-3	-12
-2	2	-25	-16
-33	-13	-54	-24
25	-46	37	-40
35	-13	39	8
39	-8	-28	-19
4	32	7	8
39	-43	-32	21
-42	9	8	56
-8	13	-27	29
-16	-54	9	39
-15	41	15	-23
1	-49	35	26
39	22	1	3
25	-30	-13	-58
42	-23	-11	-21
55	15	6	23
-12	-8	-47	-5
-6	-21	19	-19
42	18	9	-32
-42	33	-14	-19
-4	13	-26	-44
-16	-36	6	-41
-10	25	25	19
9	-57	-25	-25
-26	21	5	-26
-21	51	-16	-12
-53	25	36	10
2	53	0	1
-5	5	49	2
10	-14	2	3
13	-30	25	-42
12	-10	11	-17
-15	-53	23	10
39	-30	-48	-12
17	26	38	36
-40	-1	2	2
-14	6	5	-3
37	13	-27	-51
36	2	-24	-9
25	40	-7	36
14	-45	-2	5
-56	12	-10	0
19	-26	20	-20
32	-26	-16	-7
7	-34	10	8
5	45	16	2
11	8	-25	51
2	-3	31	36
-5	-25	5	-3
-31	12	1	-25
-8	31	-16	27
13	26	-15	7
26	28	-7	-13
16	-28	2	8
-1	41	36	-45
35	29	-20	-14
-22	48	-4	-43
10	4	1	-52
-2	-7	-35	-38
-18	10	25	1
-5	-10	40	-43
2	0	-17	20
-31	-27	-15	-32
21	7	25	-13
-9	2	3	-36
-7	20	-14	-44
18	-45	4	14
-1	-15	-6	-21
-13	-3	19	-19
21	-41	20	-8
4	-5	-10	-15
11	28	-10	-15
0	40	-14	-57
-20	10	17	-14
36	16	5	1
-32	-3	-20	31
-5	10	-9	12
-8	-58	40	39
0	0	-10	-55
-28	13	13	3
54	15	-28	-13
16	47	-24	-24
18	-8	40	-32
-9	-7	8	1
11	26	-23	-4
12	-8	-7	4
-32	44	18	-5
0	4	1	-25
-11	26	-26	-18
25	-15	11	26
52	21	18	-20
-36	19	3	0
8	-22	-10	1
18	-17	-1	-3
-22	22	30	-22
11	31	-14	-44
45	-17	25	-6
32	20	-25	-35
-29	27	36	-22
37	1	0	-27
-37	25	-8	-1
-19	-48	-57	13
7	-5	-44	-12
42	-40	0	0
-25	22	0	0
-13	-17	-7	-21
-6	35	-57	1
-48	11	18	-16
18	-14	44	26
11	43	29	24
9	1	4	-11
54	-1	35	37
20	48	-6	-23
-54	18	1	-1
35	7	-53	4
-40	9	-13	-38
37	17	-26	5
-46	29	-6	48
18	28	-22	-1
-15	-28	4	-28
-49	-14	6	-30
45	-33	4	-1
0	29	-4	0
-6	-33	8	36
53	25	40	-3
4	17	12	-5
-13	-4	49	-24
36	40	-32	37
4	-4	-14	-36
-10	-22	7	3
-47	34	-50	11
26	-2	-11	-23
-25	17	-4	3
-4	-1	-21	22
36	20	-22	11
6	-30	-50	-16
0	-2	51	-16
-11	-57	-40	21
6	22	44	9
-41	11	-42	16
-58	10	6	-9
-29	26	-10	30
14	21	-6	7
30	-10	18	-50
-23	14	40	25
-8	-13	17	-42
-37	-43	0	3
0	34	-23	29
16	-6	-2	-15
7	-1	-43	19
-9	-41	0	-6
54	-15	-17	-15
15	7	-12	-11
15	-2	-10	-9
-3	-29	57	12
16	-3	5	-2
33	1	41	40
-30	-42	43	40
12	2	-5	4
-5	0	32	42
-28	-7	-8	-49
-20	9	-17	55
23	-13	-11	-55
4	-21	17	-45
-13	-29	-17	-18
-7	18	-6	23
-10	13	-11	-43
-2	10	-32	-15
21	53	16	-21
-42	-16	-5	4
-32	-38	15	-11
21	2	-28	-29
10	19	-15	18
-25	1	16	-13
5	-1	-29	9
21	30	48	-17
-1	-5	-26	10
19	-8	5	-18
-26	-47	13	-21
4	4	28	-6
21	2	26	-7
21	28	9	1
-26	-25	0	2
-18	25	-16	38
0	-8	46	33
11	-42	53	8
27	37	-15	23
-16	-30	46	28
2	-34	-12	-2
-3	-5	16	-1
-38	20	25	-36
-40	-27	15	35
21	6	-4	-27
31	-8	-18	0
23	-15	47	-27
6	51	14	54
-19	10	-26	3
5	-15	0	-21
32	4	13	-21
-38	-30	-5	-6
-8	54	45	6
-28	32	-1	-14
37	31	23	-24
-17	41	0	3
42	6	58	8
14	-40	18	0
13	-46	-3	-1
-9	0	37	15
-2	-40	-43	2
22	-19	10	-15
0	-16	-20	-12
29	-32	34	-14
4	27	2	-41
-2	4	-28	30
-20	30	-32	11
43	27	17	2
31	24	5	-3
9	2	27	-23
38	-20	25	2
2	-40	7	-17
40	-44	42	-38
56	-17	-6	15
1	7	30	36
-19	-2	-13	18
8	38	-3	-12
1	-15	33	-20
-26	26	-16	-24
6	-2	-50	8
-12	35	18	-24
4	24	12	24
0	-28	-12	25
13	4	-58	-13
9	16	-26	19
-33	-16	18	-5
21	26	-3	53
-51	8	56	-1
11	-14	-22	-19
-7	-6	29	-50
13	0	58	-9
-5	6	41	-9
-41	9	-19	3
14	-4	0	0
27	-1	10	-56
-31	-34	16	0
21	49	23	33
0	24	14	-7
0	5	-5	53
14	7	4	52
19	33	-3	-7
-23	-24	37	41
-35	-26	13	9
0	-2	50	13
2	-2	5	-40
-3	23	4	14
1	5	-17	10
0	-6	-6	46
-20	-45	25	-39
8	4	-30	-16
-2	0	51	22
-14	3	35	18
11	9	-3	-18
-20	-18	5	-5
-36	34	8	8
25	-18	-3	0
-11	-57	4	6
47	23	-18	48
43	-4	-3	36
0	58	-29	0
3	16	6	-16
33	-14	-23	44
13	5	-6	27
-2	12	-37	4
-8	-5	-12	0
-40	-21	-20	-22
-39	-30	7	1
9	3	55	2
-18	-18	18	8
-3	0	-31	36
3	9	-9	26
-30	-37	2	-12
-6	13	-27	-21
-2	-6	-10	25
57	12	-31	1
-17	19	-40	-35
15	12	-19	-9
19	-50	1	-8
8	34	25	1
-28	-35	1	24
6	10	-22	7
-4	-15	20	-28
-56	-7	-46	-13
2	30	48	-17
24	6	31	-15
0	21	42	27
-4	12	47	9
30	-21	10	7
-11	7	-6	-27
20	48	0	6
-44	-17	8	-16
13	42	-23	32
-25	49	-35	-31
9	-7	-26	1
3	2	-34	16
-13	43	-5	-27
0	-21	-3	-11
-11	6	9	26
-58	4	12	52
-5	-12	8	49
29	20	36	-7
-10	-55	22	50
4	24	23	40
-1	20	-43	-20
24	-28	-29	48
7	10	18	42
-39	3	-27	16
16	-9	-18	-40
11	0	31	-5
-6	0	17	31
-8	35	12	-14
9	32	-26	-38
8	4	-43	13
-40	35	-14	-11
-49	-11	-25	32
11	-20	-6	-47
17	-48	-46	-31
24	10	33	-28
-35	13	-12	3
-9	5	31	17
-16	16	37	-37
-14	-32	13	6
-2	-1	-26	31
-16	-17	-2	-56
13	48	59	-6
-48	16	35	39
21	2	12	-26
40	-25	-18	-24
-30	46	-56	19
-7	-13	-3	-2
21	-36	38	2
10	-34	-26	-6
-11	-58	17	8
4	1	-28	-30
-35	20	-35	-9
-30	49	45	-27
36	29	8	-9
17	11	-31	-8
37	-31	-35	37
8	0	-42	26
-36	9	-31	31
37	6	-5	59
-3	-10	38	13
27	15	-3	19
0	-9	-47	11
-33	-21	14	1
23	36	-9	42
10	-31	-14	13
-27	-21	-11	19
17	-51	20	1
-4	16	10	13
-21	3	38	1
56	-5	-32	18
-17	-54	0	0
49	10	30	22
-35	-11	-4	3
-22	49	-34	37
-5	-12	-23	37
26	-4	-42	-18
-35	32	-43	-9
1	38	-27	14
0	29	-16	-6
13	-13	-7	32
-32	-15	0	1
17	-2	19	21
0	-8	-21	-28
19	9	7	-33
11	43	19	44
-40	18	10	-41
-1	24	19	-34
-40	-29	47	-12
9	11	-20	-41
11	-9	-13	-21
-50	-8	38	5
22	17	-41	17
-24	20	15	2
-7	34	0	-12
21	20	-17	45
2	-28	-4	13
12	-23	35	10
3	3	-19	-32
2	3	-51	25
-1	-18	-5	21
-16	-47	18	6
16	-16	22	-5
33	-22	0	12
-12	-34	17	-6
-5	-44	31	-45
-31	-40	14	-3
-14	-11	54	18
-18	30	-8	2
-42	34	37	33
1	22	-46	11
-12	55	0	48
6	44	21	25
-35	-36	9	34
35	3	48	-2
-26	7	40	-5
3	-7	20	0
15	0	-29	-31
24	27	22	32
4	31	-2	10
-8	-13	-54	15
-8	-5	4	-54
-19	37	4	6
-13	-10	-4	44
-3	50	0	18
-28	-27	8	-30
6	-13	0	14
36	35	4	18
19	-2	-12	-32
40	-40	14	-41
12	-27	-48	35
-28	8	3	6
-44	-27	-12	-41
19	-4	-33	-8
-7	56	-16	-5
-30	-11	47	-11
-7	-48	12	-3
9	51	1	33
-1	6	-19	-11
-2	-1	-14	-8
10	5	-19	15
0	24	-13	34
-17	-50	5	26
22	-49	-7	4
5	-4	10	-53
-16	32	50	-17
41	32	7	13
-10	0	16	-23
-12	-25	-44	-1
-28	-32	0	0
-23	3	44	25
35	13	-25	-40
14	-39	9	42
-20	-47	27	26
-6	-22	24	9
57	6	12	6
17	-28	52	-4
-5	25	-4	-1
14	-6	23	36
48	18	0	0
-30	30	2	-41
-23	23	0	-17
12	-11	-17	21
39	8	8	18
-30	40	-9	5
14	-42	-38	27
-45	-26	11	-10
-46	26	0	0
-5	19	-13	-56
14	-33	15	20
-9	6	-11	-48
10	-3	22	49
-35	-20	-19	10
0	-5	-1	55
-12	45	14	-56
-18	20	-34	-20
-6	0	-36	-24
3	23	-11	42
-26	-32	28	-11
19	-17	-38	-19
-8	19	56	10
17	-9	24	-2
-9	7	-27	14
-2	11	-13	32
10	36	27	52
50	27	-45	34
43	-37	-13	-5
-11	19	-23	-21
23	44	-17	10
36	-41	22	-45
-12	34	-16	24
12	-16	45	30
18	40	48	10
1	9	41	38
3	-6	-4	-41
10	12	-41	-30
-54	-14	-23	15
30	28	3	-29
47	-16	-49	15
28	2	-17	-14
0	0	2	-6
-50	11	0	18
-20	11	13	38
24	-12	-36	-26
-19	-14	-42	-22
36	13	45	-14
-32	-25	-3	-2
-1	-37	3	24
17	26	-19	-11
36	41	-55	-9
39	24	24	-11
48	22	27	49
3	-10	5	9
-13	-37	14	16
54	-1	32	-14
-16	36	-50	27
14	-31	-28	9
-39	-12	-4	10
9	14	0	-18
32	33	36	-32
52	18	-37	-18
30	12	-7	-1
-1	-11	0	16
-16	8	56	11
4	-8	-2	10
30	2	9	-6
52	-14	-13	9
5	-6	20	-16
18	40	-3	2
44	-30	-40	15
4	14	-7	12
2	-3	-7	-21
21	-26	-1	34
-25	0	8	2
23	45	-20	-10
2	-9	22	48
32	11	-53	4
53	2	-24	16
-48	13	-23	-4
17	-4	15	33
4	37	7	57
0	0	-38	10
-6	-48	12	40
16	-16	22	-25
52	-7	15	6
30	29	-32	33
11	-8	-40	15
25	5	-4	59
1	-8	11	13
-22	5	16	-11
11	-2	33	-15
17	-11	-49	-5
54	-5	-23	24
11	-23	-11	54
-20	53	-25	17
6	-9	12	-19
0	-6	-24	22
-45	-31	-1	-2
-11	4	17	-43
-35	32	12	40
-22	3	-3	4
-6	48	-13	-17
2	7	-24	8
21	20	-53	-13
27	-5	3	-7
-34	2	-10	15
28	-2	-2	31
7	17	-15	-31
-5	-2	54	-13
43	39	-21	31
-16	17	11	-7
-12	22	-6	0
-35	-48	5	44
38	-30	2	2
49	-15	21	-44
14	-35	7	0
7	-26	-17	1
6	-3	23	-7
3	-13	4	48
38	15	6	15
-22	-15	47	-3
-24	-45	-28	2
-28	-37	8	-22
21	20	3	5
7	27	34	11
0	9	40	-21
23	-12	-18	41
-20	-24	-16	15
5	-7	-5	6
13	-34	-49	-22
27	-28	11	-14
8	50	-11	-49
9	-13	8	48
9	-11	52	13
34	20	25	-7
3	11	40	-1
2	-31	-42	18
13	3	-20	-17
2	-31	-38	30
-15	13	9	15
10	22	17	-25
27	22	-11	-18
-29	-9	-43	33
1	-1	4	12
17	-36	-33	-19
38	13	-2	-33
10	27	18	7
49	-5	29	-44
-1	-5	-36	-4
-26	-39	-34	42
-42	9	11	0
-54	11	10	-26
8	-52	-15	30
35	7	49	7
-33	32	30	9
-21	-11	14	46
24	-9	-23	-4
11	2	-1	-30
14	-43	3	3
-19	13	1	24
19	-5	33	16
10	2	0	11
0	0	-18	36
1	-19	15	-2
-44	5	48	9
-5	10	16	-38
18	2	0	9
-59	0	33	7
15	-36	-23	10
-1	38	-27	36
34	-14	12	31
45	-26	6	14
47	-20	0	18
-20	-50	-17	-51
-5	28	-46	25
-32	44	5	14
-17	-5	-13	-44
-56	2	4	2
47	-30	-24	14
24	-45	4	-7
-5	-4	20	-25
-22	8	-30	-14
-34	-44	0	-44
-19	16	-10	1
19	5	24	-2
-28	-8	-6	9
-36	15	-1	-11
-34	-32	-3	-40
-49	-33	-5	-13
-10	39	-3	33
41	42	-10	3
-10	19	37	-8
48	1	-1	-45
-14	-10	45	-23
26	12	12	57
-6	-34	-9	-10
-1	-1	15	11
2	0	5	27
-42	8	-5	-11
0	57	-30	-40
41	-27	21	0
3	0	-50	-21
-14	3	-5	-24
-7	58	-33	28
30	-12	2	-17
-30	-11	52	-7
5	-36	1	7
-23	-5	-19	22
-38	0	3	36
-1	-36	-47	-10
-43	13	1	-56
-26	-40	-51	-10
-11	-16	-4	5
-18	-18	-22	-11
-5	-11	26	-5
23	11	-16	41
34	10	15	52
24	-40	-7	-18
39	27	-11	-40
1	-13	24	-27
20	-19	0	42
12	15	52	28
32	-2	-20	0
-43	34	-28	8
30	5	14	14
-8	-3	-7	-4
56	-13	11	-1
-23	30	-44	-7
9	-30	-43	34
-49	7	-19	-2
-15	0	-45	-27
28	-26	-4	21
-4	9	17	9
21	-27	-37	-33
11	-53	0	-1
18	42	-13	16
25	30	-10	11
-47	-35	2	-9
0	0	21	-16
-7	34	9	-22
-13	34	20	17
0	39	-1	31
-33	-4	-23	-17
10	-25	-18	19
6	5	-35	45
-44	26	-12	-30
25	-37	0	-17
6	-23	-12	-35
-44	20	44	-7
-15	-10	-49	-10
-7	44	1	-3
-23	38	-19	-43
54	-14	34	37
2	6	-23	-47
31	7	-46	-11
-23	13	54	2
20	-39	-9	21
-45	15	4	8
6	24	-38	-31
-8	-14	-25	-18
-30	33	47	3
27	-38	9	24
53	25	-40	17
-39	27	-14	0
7	55	-15	-11
6	21	44	22
34	5	-14	12
-2	-4	56	-18
-1	-14	41	4
-32	29	-10	37
-14	9	-2	-40
-27	-45	-10	1
-17	25	16	27
-4	-2	-3	-34
-25	-20	24	-3
30	8	7	-14
27	-12	28	-1
46	25	-8	-45
-20	-2	11	-13
-21	-17	25	39
39	3	1	10
-37	15	-4	54
-13	50	-13	7
14	-56	7	-11
-44	32	-36	2
-17	-36	42	-5
26	-8	54	15
-21	-20	-36	43
15	5	15	14
25	-26	23	13
24	-11	-52	5
25	-27	7	-10
-26	-41	-27	-7
9	-49	-12	18
-7	2	-21	-32
-6	2	-24	9
0	0	34	-20
41	17	49	-32
13	-2	-41	-12
-2	42	6	-5
-11	33	-46	0
-44	-24	-1	-58
0	0	49	30
-9	5	31	-3
5	-11	-53	1
-33	-13	25	-9
48	23	-31	0
-20	24	7	6
22	-23	-25	-20
-9	-24	-26	24
-44	33	-1	3
-13	16	0	38
-40	1	29	-34
-16	53	37	-21
17	20	39	-11
-10	-3	-12	-19
-48	26	-25	27
1	18	2	-46
9	5	43	-38
-14	29	5	9
-10	1	-1	-45
27	5	0	37
19	-6	-26	16
-20	-14	16	20
-10	-9	-27	16
-14	54	26	-5
-14	5	-6	-5
-6	14	8	3
9	-28	0	-1
-16	18	40	8
9	-4	-37	-7
39	-24	3	7
7	-30	33	-29
16	-19	-17	5
-4	12	-14	6
32	-35	26	14
-5	0	15	-14
29	-33	-3	19
14	20	52	5
8	51	32	8
-5	26	25	-22
1	-9	37	36
9	39	-11	-5
10	56	-19	34
11	43	-27	-25
17	6	0	-38
-1	21	6	41
51	-23	-2	11
13	2	26	-31
7	32	-9	15
-5	39	14	0
43	-36	26	9
4	-3	5	-6
18	-47	-41	25
-14	7	-15	-52
-56	-2	20	0
-17	-6	-19	31
-55	3	-27	26
10	-15	46	17
-19	-25	24	18
50	-5	43	-38
-2	-1	3	-33
46	-14	-14	-10
48	7	8	-48
-20	-1	-48	11
-6	11	15	30
17	-36	43	9
2	26	-35	-17
3	10	13	0
29	40	41	0
25	4	-36	-20
8	37	4	13
-4	-8	-33	-12
40	-26	22	-46
9	-23	9	-7
8	-55	32	46
39	31	46	-2
0	5	54	0
0	-36	-27	-29
28	38	-5	4
27	-1	20	-34
-21	-8	-4	30
-8	-3	3	-17
30	16	-35	-44
-58	2	12	16
-10	4	41	20
-18	-30	1	-21
12	-33	-3	-48
-34	-8	19	-10
-13	18	15	1
-24	-50	6	13
-52	-12	-24	-14
-35	-43	-25	39
-24	37	-10	-13
-2	-20	24	-5
-10	0	43	-3
23	25	-1	-4
1	4	-25	-40
-27	-15	0	-2
27	6	50	15
47	33	17	1
-49	-19	-8	-16
49	-9	-28	-10
-15	-33	-10	22
24	-25	-19	-10
-9	-7	6	-28
-28	-50	36	17
12	-10	30	28
22	2	-6	6
-10	-11	-8	-15
31	13	21	-3
-15	-41	-36	6
14	-19	-21	-27
-5	7	-17	34
37	-29	7	-17
-6	6	-27	-24
-14	-17	-31	-50
14	-7	-30	2
32	-31	-23	-22
-10	-28	0	-15
-24	-16	31	28
18	-23	-3	10
0	-26	-18	-24
16	-3	3	27
-1	-4	-16	8
4	2	-23	43
-3	50	20	-14
15	-9	18	3
19	44	33	17
56	7	-38	-28
-15	-36	32	11
-24	10	-24	-15
-49	6	0	0
20	-4	-8	-1
7	-6	-14	14
10	24	-22	-53
-35	12	38	-8
-5	0	2	28
-13	-45	42	-37
23	12	-27	34
-1	19	-5	-35
35	-43	26	27
-18	50	9	42
30	-18	42	-5
3	-6	47	24
-5	13	44	20
26	19	10	16
-25	-48	-37	16
-26	19	-17	-33
1	1	-29	-11
21	31	-27	-45
-30	29	-10	-37
7	-21	5	6
-38	12	8	-8
2	13	-17	7
49	-3	2	-19
9	-22	0	1
38	-26	-24	-44
-59	-2	32	-26
-20	-5	37	-27
0	-1	21	32
8	35	51	8
42	-16	-9	14
-25	13	-21	41
6	-28	0	36
-30	38	-48	25
-18	-20	-24	-48
-6	57	-43	14
-25	-10	8	-17
0	10	14	-32
-8	-11	-10	20
12	26	2	3
10	34	40	-43
-52	5	0	17
2	0	-3	3
40	-21	18	7
-11	-33	32	-37
-16	3	-3	12
-14	-11	-47	-36
12	2	0	30
-20	18	-47	-4
-15	38	11	-8
2	-29	47	12
-52	-25	-5	-16
18	37	27	0
-6	-1	39	31
6	35	-21	16
6	-37	37	42
-20	-7	11	34
12	-49	-2	-16
-28	-2	29	25
15	23	45	-14
5	51	13	3
24	-38	36	43
18	8	-10	18
-12	-11	49	8
32	-10	-25	-32
12	0	48	16
36	-39	8	2
30	17	-29	17
4	-50	23	25
39	38	-18	12
-40	-35	3	5
-3	9	1	-26
-12	-42	-41	25
-8	-3	8	12
-42	-8	22	-39
23	-53	-27	-2
-23	-19	-3	9
4	17	-1	19
3	-28	6	-1
15	-7	-11	31
-26	7	-47	32
33	-38	-33	37
-21	-25	0	57
-39	-13	-2	-55
-29	-30	-27	-30
-50	-21	-8	54
-6	-19	40	-19
-10	-9	-2	-1
-19	-12	-3	38
58	-8	14	-9
1	53	-36	9
13	-32	-2	-2
-32	-10	38	17
-33	23	-7	-8
-28	49	19	51
-38	-20	24	-8
-6	39	10	-24
-22	0	-43	37
-33	2	-26	-45
0	-16	-9	-5
0	-37	15	-36
6	-4	1	-45
-14	47	23	-5
0	19	7	27
36	-28	18	-16
47	33	20	17
-23	-20	17	47
15	-57	-32	0
38	41	55	9
50	8	12	-7
12	-12	53	26
4	-8	2	20
12	-3	9	-29
-1	-9	-4	-51
29	-9	49	22
1	-10	55	-9
0	26	0	-7
22	36	-49	-4
59	-3	-5	-4
-14	12	-39	27
-28	46	12	4
26	-7	15	-2
-18	-5	-1	44
-16	-4	-23	50
37	0	12	13
-15	-1	-24	-29
42	-35	-2	44
16	-22	-41	25
-29	-32	-23	3
4	-39	6	35
-56	10	0	0
-49	-8	-18	-22
-24	24	-17	35
-39	-12	8	-10
-49	12	20	4
-10	-2	3	37
-30	-43	6	-20
45	-27	-31	7
-52	9	-36	10
24	-9	-1	0
9	2	5	-6
-1	-28	-14	-49
34	-19	-18	-27
48	25	-37	31
30	3	-52	-14
44	15	30	-42
-11	-35	4	-7
49	25	-20	6
49	8	14	6
34	-3	40	-24
-8	43	2	39
0	0	-49	5
26	-12	7	-8
-42	-23	0	-8
5	-8	8	-39
-47	-7	12	32
22	42	10	-15
23	-42	-4	16
-2	20	-6	6
2	-51	-19	28
-22	12	-10	2
14	27	0	-3
-8	-47	-9	25
44	27	1	0
-9	-21	17	-32
8	25	-23	-38
13	-29	-15	25
-25	-16	15	-9
-11	-5	1	4
-16	-34	-5	-4
32	2	-49	-31
-55	22	-31	-14
-4	0	3	-28
-21	7	-1	44
42	21	-11	-31
-53	-8	-7	-7
-56	9	44	29
-38	20	-8	-18
12	38	9	-4
28	-49	34	-4
-4	-42	8	10
2	10	-13	-8
26	-16	-11	-9
21	-15	-27	-5
-47	-8	18	-18
-30	1	15	29
9	-8	39	-6
-13	-11	-1	5
-36	36	-42	1
5	3	-40	0
12	20	-18	12
-34	-1	-3	-23
20	-4	23	9
46	18	50	-22
12	1	-31	-20
9	4	-12	-24
27	-45	49	-3
0	-39	-20	7
29	27	13	22
-10	24	-36	-46
-25	43	16	-10
20	-29	-9	-47
7	0	-27	-11
49	-1	21	9
7	5	-8	57
7	31	-8	2
-14	-28	-3	-11
50	-3	-23	-49
-4	-5	4	-39
-50	-22	-36	0
0	10	10	-46
35	-42	16	-42
22	7	-43	31
-30	-5	-31	1
-5	-23	-12	-50
21	3	-1	16
22	46	-4	-11
-8	37	5	-14
10	37	19	-3
48	-18	9	-4
3	-40	-55	10
50	5	38	5
-30	27	-6	-15
-1	42	-5	-9
-5	6	-1	15
-6	-43	-19	-17
-12	-17	39	4
6	1	13	12
-22	-11	17	-22
22	-43	19	23
8	11	-33	-46
-2	3	-21	13
6	-6	-15	-7
-20	-18	13	9
1	17	-10	-16
-18	29	-31	-10
0	12	13	20
23	6	7	21
7	4	41	42
18	16	-2	46
13	20	41	8
-9	1	-28	-4
15	25	-7	-12
10	-4	28	9
-33	-43	1	55
12	16	-31	-47
0	0	52	-7
-13	5	30	38
26	43	-13	-15
-8	-27	8	34
51	-6	-19	-34
-38	-32	11	-12
24	14	-29	-27
-6	6	-34	-19
19	9	19	6
8	-16	-37	31
-1	10	0	-35
-47	-28	20	-12
-14	-32	42	0
-7	37	-22	3
-34	-7	18	11
-32	23	-41	21
4	-11	9	-44
13	-25	-8	-31
25	-15	4	24
-6	-26	17	4
-6	-12	-6	-7
11	-43	-25	47
-1	-24	1	-26
6	35	-9	31
7	-30	18	24
7	1	0	0
-55	0	55	-6
6	-12	-20	27
0	-43	3	-51
13	48	-49	-18
19	2	-37	-23
-56	-2	0	-30
-47	-27	44	10
-16	1	-12	0
-1	41	6	-41
27	-43	-26	7
-57	-6	-40	-30
8	14	7	6
-7	-22	6	-40
35	12	-18	20
-17	-50	6	-35
-22	-2	13	27
5	10	-30	-27
-10	-14	23	2
-19	-4	-20	-18
23	9	-1	-40
-5	23	22	46
26	42	0	-1
3	8	-19	-26
-13	6	-27	28
52	-20	3	4
0	1	35	-36
-51	-22	29	32
-3	-34	11	-50
9	45	-16	-8
-21	14	0	8
-50	-27	-34	14
-28	-20	33	1
20	8	-29	-13
-11	-5	25	-4
1	-13	15	11
10	-31	-15	-1
-20	-14	40	-37
-34	9	-3	27
-15	32	35	45
21	-14	-16	-54
-9	-7	53	24
-17	-32	37	22
-7	48	-21	51
5	-10	-34	19
30	2	-7	16
-4	-57	19	19
-10	0	-7	4
-54	12	7	-18
2	-25	2	10
3	-9	-42	16
-8	5	0	-1
55	-20	-19	-51
0	48	9	44
-33	-10	18	-4
-16	-2	5	-39
45	11	21	-21
-6	4	-34	34
4	49	-34	-10
-14	57	5	15
-11	-10	-14	-6
9	-46	-50	-19
-49	-11	13	21
-5	-58	20	-44
21	13	-26	-32
0	-2	-55	8
-9	6	-13	-6
38	2	26	-15
0	33	6	31
21	12	-43	-16
-56	7	-24	38
-22	54	19	38
21	32	7	-15
-13	-21	-3	41
52	15	-23	-10
38	20	-7	-7
31	6	-22	37
-26	9	37	-39
-15	-5	12	-36
45	21	28	24
9	-33	-10	4
-12	4	-11	-58
-11	-4	14	47
-12	36	-14	12
36	40	-3	4
12	14	43	-27
0	59	30	2
19	-3	-20	-53
-34	-20	-17	25
-21	27	-25	53
-38	-1	6	-3
-25	9	-12	-33
9	32	13	18
-8	36	0	0
-35	-46	-13	4
24	54	-15	-7
21	24	-41	-21
-31	-15	16	8
55	-7	-51	-7
-49	-9	-37	24
-13	-4	-4	0
-25	-7	14	44
-44	8	-1	1
10	19	-5	-4
27	17	-10	45
-48	-10	36	-5
-10	1	13	-6
-35	-13	-39	-1
9	28	16	48
-17	25	-15	-5
39	-36	-13	20
13	-24	32	15
16	-13	-27	7
-56	-19	45	-14
6	0	24	-16
9	-34	21	-7
23	-21	45	-28
-6	-59	26	-23
-7	-19	28	45
50	-10	-37	-24
30	-12	9	19
3	56	3	-16
-32	-9	-31	37
8	54	-31	-12
30	-19	-7	0
-16	28	33	-2
-25	7	-24	-52
7	-13	0	-11
-10	16	-4	-9
56	15	-9	6
1	-10	30	-5
47	-19	52	-2
-13	-3	39	-13
17	-46	-16	-52
24	49	2	-2
-13	57	0	-5
30	16	3	-36
26	-2	7	-15
6	-21	-22	27
31	-19	15	-20
-18	36	2	53
10	-24	17	-56
48	0	18	45
-54	-19	10	-9
-11	-44	-6	11
22	-45	7	8
-6	-53	20	-41
20	48	-32	19
-45	26	14	14
25	0	-12	8
1	24	5	-47
3	-25	-45	14
22	-13	0	-9
0	13	-28	-7
0	-29	-19	-9
-22	-18	48	21
-8	-23	-51	-1
-10	46	-30	-19
19	-54	11	34
-12	33	28	6
0	55	-30	14
55	19	2	56
15	12	10	13
-34	7	-26	23
-11	5	-35	-2
-1	-6	14	5
35	-25	18	-37
-22	-42	20	0
14	-22	23	-43
-5	-18	-16	-33
1	56	17	-15
10	-16	10	-39
-21	-40	-45	-36
28	-26	40	-16
0	0	13	-35
25	3	-11	-4
47	26	-17	14
-13	-33	30	-24
-47	1	-15	27
1	9	-52	-15
-29	-16	-14	49
38	-19	6	5
-46	-13	1	37
-2	-59	3	-31
-20	-8	13	9
4	-8	44	1
-18	-42	13	5
24	-2	26	20
-10	-19	-8	36
-42	14	47	31
-8	33	-6	30
39	-2	36	26
-32	20	-20	-45
1	3	40	15
40	17	22	5
-31	8	32	-8
0	8	-36	-6
33	20	39	-3
1	-54	-12	18
-1	-1	31	13
13	29	-8	-6
18	9	9	-53
-51	15	7	19
-41	-13	38	-42
30	41	-5	21
-42	37	28	-39
52	17	38	32
1	-9	-2	-4
5	-3	44	-5
-53	-16	-10	-18
-34	6	-3	14
11	7	-29	-31
26	-18	5	-3
-17	-32	30	4
27	26	12	-45
14	41	-24	-7
-33	-5	-9	-7
54	9	15	2
-21	-33	-1	-8
10	26	-3	-39
28	-2	0	-57
27	18	-30	-14
-5	7	10	36
-18	39	-11	7
31	-14	16	43
37	-18	-37	32
41	-11	26	-8
-42	2	-5	-35
29	-24	45	15
16	37	28	36
8	-41	-8	-12
-1	-6	-21	44
8	6	-44	38
8	-33	-9	14
-8	27	-43	-25
-25	46	10	35
16	-14	2	2
28	51	23	-52
-41	-27	-3	9
-19	-8	4	-12
8	-39	4	-6
-36	-1	-9	22
0	-55	13	-21
-10	36	23	-30
27	-6	-38	23
-18	21	11	-55
24	14	-11	50
-22	-4	24	-38
-11	-42	-45	-36
3	-7	52	22
-32	35	-4	0
40	-25	23	35
-33	-20	58	-5
-13	-44	-15	53
-3	-30	12	16
37	-44	44	2
-29	-50	32	-13
5	-4	-5	-28
35	-18	8	-5
30	-45	-53	24
-11	-13	0	38
7	8	-12	50
36	-12	29	52
17	6	-31	-6
-15	16	-3	-33
6	-23	-4	-21
8	-1	13	24
38	11	18	-3
7	-29	-9	21
3	17	26	45
-29	19	34	44
-17	16	-5	25
17	21	39	-40
38	12	10	-21
14	-57	-34	-25
6	34	38	26
-57	-7	44	16
3	29	14	-3
-25	7	1	-25
-4	-54	-14	13
51	-26	-21	10
16	-14	-18	-7
-52	-17	-2	2
3	-3	-33	21
6	10	-6	54
-23	-27	-20	-1
40	23	-2	45
-16	8	40	0
-15	8	-22	-22
-21	10	-47	7
39	28	24	5
12	46	3	-2
-9	24	35	14
-21	-2	-25	-34
-33	30	32	0
51	11	-9	-23
-11	-55	-11	-24
5	3	-27	17
45	28	3	28
16	-39	-8	-15
41	20	7	12
-32	-6	53	5
29	-15	-14	-25
-14	6	-14	-26
17	19	-1	-20
11	8	-32	-21
-40	9	-36	-21
31	-32	-33	-3
-11	39	0	-21
2	4	35	-6
-40	-42	-42	-20
53	-2	50	-11
-36	10	0	-1
9	-41	-50	10
54	-21	-25	8
6	59	-27	-3
-9	-22	-38	-40
-3	4	-36	-10
36	-2	-3	-1
34	-22	0	-18
42	28	14	20
17	8	-45	-1
-5	8	-23	-27
-20	31	-25	-1
46	32	12	0
-15	28	-19	0
16	-35	19	17
51	20	46	30
53	-10	2	20
-3	-16	-15	-28
-14	16	45	21
-12	-17	12	-12
19	-13	1	-17
5	-8	-25	-51
-5	7	26	18
54	17	-31	-29
37	-10	10	-42
-25	-31	-19	29
42	-27	-16	-15
47	18	-14	-32
40	34	3	-23
-45	33	-6	-9
35	-8	31	-26
17	-10	-11	22
-3	21	-4	44
0	5	8	-30
11	47	-19	-37
-14	9	32	24
10	-12	-33	8
20	-14	-49	24
-12	-30	-5	32
-13	-35	-32	18
-23	-52	10	-16
18	21	49	1
2	7	34	26
49	21	-5	-2
28	34	-9	20
-57	-3	0	12
12	24	-27	19
-13	4	-16	24
-37	15	-43	0
-36	-4	7	-12
-30	-3	-8	-22
-5	-57	-1	5
-43	4	-7	-19
0	51	1	-17
6	45	19	-19
-1	57	25	-18
18	-9	-19	23
-32	-29	-2	25
23	-20	-21	-28
34	-44	-26	-1
0	-35	16	9
-11	-21	-25	-4
-19	-6	7	5
16	11	25	16
-57	13	1	-33
6	-14	9	5
-29	-19	-57	8
36	44	21	51
-10	-17	52	-21
27	1	8	4
5	21	2	-48
42	4	5	-2
10	-8	-20	16
49	-2	-27	-28
-8	-17	-7	-13
-13	-18	2	-5
-39	1	18	40
-13	-5	-13	37
-7	-18	37	-28
-47	-26	-29	19
0	0	-5	25
-32	-35	42	2
12	0	24	24
-18	-8	14	-5
7	-30	-52	27
15	-36	38	17
52	9	-47	-33
-8	-31	-36	-8
57	-2	-9	0
19	22	-38	-4
-6	-23	-12	6
-57	16	27	16
21	4	-17	34
-32	-34	-11	-12
5	-10	2	34
34	29	36	11
-24	-16	17	28
-26	-1	-10	-6
0	-19	4	-43
41	-34	32	15
-49	3	0	27
-35	3	2	0
-8	4	26	45
5	4	1	20
7	39	-1	-43
0	0	-40	-7
42	-4	-41	26
-2	-2	-29	-25
40	-12	23	41
40	-3	-7	-50
22	47	27	-10
-30	-17	-22	-38
-17	23	1	26
47	-4	39	-7
-6	15	18	-43
22	-7	0	47
42	8	-3	40
13	58	35	-32
37	-40	-4	9
13	-27	2	20
-54	22	-30	-1
0	-23	45	-19
-19	45	-52	-13
-34	-24	39	44
-2	6	-34	17
4	22	39	9
-5	22	-13	31
40	-11	9	38
3	40	-9	-29
14	12	29	-25
-24	23	35	33
39	-42	-15	44
0	39	33	-41
-5	-39	14	49
13	-29	0	15
16	0	17	-12
-6	-3	-23	-9
-58	-12	35	12
41	-36	-9	-21
37	-8	-45	-25
17	-15	-24	-46
-1	6	7	-8
6	-18	7	-19
39	-28	-21	-55
-15	-47	42	35
34	-6	-8	20
17	29	-2	2
-19	-47	38	0
6	19	-1	9
-4	-5	-2	-54
-11	8	-29	41
-48	-25	5	6
-18	-1	-43	1
-3	-10	3	-25
12	21	44	-5
-13	10	-28	2
31	-31	11	13
22	-5	-27	24
-16	-27	-46	-13
-30	39	13	34
-24	46	-19	18
28	39	-16	-20
-4	-1	10	6
-42	26	-39	-40
0	-3	-17	-12
26	-52	-24	8
3	27	8	-19
16	50	37	-29
-32	11	28	7
6	-7	-19	-27
-17	-7	-12	0
24	15	-4	28
-2	15	-20	-19
33	-48	3	53
36	-33	-49	4
34	-21	-1	-31
-10	-2	-24	49
3	-5	-24	31
1	20	30	29
32	32	-36	45
-9	-17	-30	28
-26	-47	2	36
-41	28	12	-5
15	-37	-13	-40
21	34	5	1
39	-33	10	7
-20	-8	5	-7
6	20	40	-23
0	10	-9	4
-31	2	-14	-35
31	18	-17	-30
24	51	-5	-5
32	36	-1	19
6	-16	-2	-48
-19	-9	-22	18
12	52	38	-11
-1	-3	15	18
-9	-29	-46	-6
2	-16	-20	24
-7	13	26	-21
15	-51	11	4
-36	20	16	-26
-16	-36	-1	0
-26	6	-55	-1
-38	14	-6	-6
46	20	-41	16
-48	-8	-28	37
26	21	-32	-29
-51	22	13	-8
8	-14	-5	-39
-39	22	-32	-41
32	39	-42	-39
-9	19	-27	4
-20	-4	-28	13
-34	-39	14	4
0	-23	20	51
-43	-37	46	27
0	3	-53	-5
-7	36	-16	13
-10	-7	-27	7
-49	16	9	-27
-16	55	14	8
-35	-8	-31	-10
-29	-5	13	-7
2	34	-6	47
-10	-18	26	7
11	9	0	20
19	-4	-35	40
-22	-48	17	-5
-12	22	3	-51
3	-25	0	-9
-26	3	-3	-42
19	-13	4	-21
5	10	32	-48
23	-2	-18	14
4	-3	3	32
40	21	1	18
3	-19	-12	40
-39	-28	-10	17
-7	9	-8	39
-2	-8	-5	7
46	33	-23	32
-42	-16	5	-7
34	19	-2	-6
-10	9	-40	-16
-19	-33	-17	-18
6	-59	-12	-33
-38	-15	33	17
4	18	23	28
-10	0	-8	-45
11	23	6	12
0	7	2	-7
-23	-3	-35	-9
16	11	-12	-27
-53	19	0	21
2	10	36	-30
14	-4	13	-26
-13	-34	22	-11
-9	12	10	-6
30	-15	28	-14
-45	-22	-44	1
21	31	50	6
-11	26	28	27
29	19	32	-23
22	-10	41	-18
5	-36	36	-24
27	32	29	-27
54	-16	19	-38
-18	-8	6	-46
2	-10	-9	-46
-28	-39	-18	-12
-28	22	-12	-19
0	8	11	-16
39	26	-12	18
-26	28	10	5
-46	-23	33	19
-46	28	44	-10
-1	20	-1	-11
16	-16	3	49
-21	46	-19	28
-47	22	10	7
-42	-15	10	6
15	-26	19	-2
-39	6	21	-19
-52	7	-6	-17
-3	30	-59	1
12	51	-13	-9
-31	0	-15	36
43	4	20	-29
47	-26	-8	-1
-22	-52	1	-6
32	0	17	-8
27	46	-14	28
-20	1	55	2
2	7	37	-14
-11	-27	-31	-32
-4	-5	29	8
2	-7	13	21
45	-5	7	8
15	20	21	-9
12	12	-1	-3
24	17	57	3
-22	2	-19	-45
-19	-7	2	6
-8	34	-5	-16
-12	38	-9	-11
42	-27	-29	25
18	-23	-47	-14
47	-22	-51	-6
-2	23	-22	-34
-48	-5	5	-16
-33	-40	-5	-15
44	6	23	-17
52	-14	39	-28
-23	-17	25	31
1	-28	15	-38
5	-23	41	13
17	1	8	51
40	-38	8	23
-2	1	30	-12
1	48	35	5
28	-48	-3	-15
-34	-23	-23	4
15	-2	-27	0
25	-27	9	4
26	20	-9	10
31	-6	-3	30
-13	-47	-22	27
-38	12	-8	-34
39	13	-6	40
-42	-11	-1	26
-26	-18	3	-6
6	-10	45	-32
5	1	-15	-29
45	6	5	15
-14	25	30	-10
8	6	6	-27
-43	24	-43	-11
50	19	24	-49
34	-6	-10	-5
-6	-9	34	-46
39	40	-41	-27
-34	-18	21	-1
40	-12	-8	-6
37	0	25	19
4	9	-43	34
46	27	-11	10
2	-59	1	7
35	-28	-19	23
30	6	-43	-3
-26	51	1	-44
23	40	20	-8
39	31	20	50
-32	35	2	5
-15	44	0	-5
-10	37	-38	-13
50	7	-1	10
-16	-46	12	-8
25	15	-12	34
-7	0	16	6
6	16	-13	27
12	-48	2	15
-2	-42	-23	-25
-3	0	-12	-28
54	-11	43	36
9	8	30	17
17	-47	-3	16
25	-5	24	53
-45	21	20	-2
2	-7	4	54
-11	-6	-2	-17
12	-29	2	46
40	9	34	-47
-7	40	48	-14
-23	-16	24	-32
10	-24	-8	31
-17	19	48	-10
16	-14	-16	1
-12	9	-46	26
-20	22	47	26
-1	-7	-8	-19
-8	-36	2	9
7	-1	41	-1
-10	-53	-4	-37
5	-44	-15	2
-29	-36	-30	-23
23	19	-28	4
33	-2	4	-13
1	-8	21	24
-24	-2	-3	-8
-34	-31	4	-1
9	-48	-36	-19
40	-33	6	-18
27	-45	37	-25
-6	-19	16	36
1	-43	18	-2
-27	-27	46	32
15	13	-30	48
2	-5	-21	26
7	22	-32	34
4	-51	16	-8
33	9	43	-2
37	6	-4	-9
-45	9	-20	27
-16	39	-11	-5
12	-16	11	-3
-13	-6	-29	51
43	7	-12	-30
-42	-19	-5	21
-18	-27	4	9
-22	-12	-17	12
29	6	4	-56
17	12	-9	7
-14	7	-8	0
12	-57	7	-2
-21	38	-25	15
-27	20	39	-18
-3	-9	16	-50
10	-56	-38	42
-15	56	-2	3
26	-40	-1	4
22	-12	4	2
3	6	-33	40
38	-36	-18	53
7	38	-20	38
-4	-20	-19	-8
55	-8	-9	-28
-9	-27	24	-46
-27	19	52	10
-10	-51	-35	33
-37	-29	-24	14
-15	-4	32	-40
10	-22	-42	-17
-35	35	-1	15
0	-54	19	-15
-1	27	-4	11
-1	-6	12	50
-6	12	-21	21
-25	-35	14	-3
4	-43	29	-8
-21	-17	-10	1
-6	6	-42	10
-53	-22	20	31
-17	-13	-25	23
-12	38	37	41
-20	-26	39	3
9	-10	7	30
14	-8	-50	15
42	-22	0	-7
17	8	9	-40
-18	14	-33	3
10	-15	29	34
0	-20	8	-2
-44	36	-25	-39
16	-19	-12	16
-14	-20	50	22
-54	-9	-26	32
-17	-31	-22	12
-33	-8	-43	9
10	-35	18	-19
0	-3	43	-10
-6	-41	12	-21
-31	-32	-4	15
32	48	-2	-59
-31	15	11	57
12	52	-6	18
13	1	25	-17
-27	-25	4	-40
37	-11	13	-21
2	-16	31	-28
22	-37	-48	3
1	-21	15	31
4	50	-8	15
-24	-38	-27	36
-33	-10	-3	21
-26	-6	-40	-44
-23	-27	-2	10
34	30	50	27
-31	-8	-18	-19
6	5	-53	-7
-22	-43	11	0
-22	-11	-13	42
-55	-16	27	-2
24	-43	-36	-7
-22	13	43	-15
-35	-25	-43	24
14	-21	1	41
-13	-11	-15	0
39	30	-19	14
25	-53	-34	-2
46	-6	-19	-13
24	13	21	-19
0	0	41	-16
-23	43	0	-20
48	-9	3	-52
7	0	22	10
47	16	-16	-17
-43	33	34	9
-37	-20	-55	4
-36	-25	28	41
7	-9	17	24
23	-22	-25	-4
0	8	-4	40
-12	-31	33	-45
4	52	3	22
6	-6	-17	5
-37	-44	-32	3
-34	-33	36	-23
38	-35	24	26
40	38	-46	13
17	13	41	-4
32	-23	-12	-1
-3	-51	-28	42
-28	0	26	-8
43	34	20	-20
8	-23	-12	28
-33	7	4	5
-8	-3	49	12
7	0	-15	27
-18	-3	-2	57
-39	-43	11	49
23	-42	11	26
-24	-53	-1	1
-7	-33	-32	16
-15	31	33	-48
14	5	-31	31
-5	35	29	-14
-3	-41	6	-43
-6	-4	-53	0
-25	3	26	8
-2	-45	-13	10
33	34	-31	29
-17	22	-43	-16
10	-6	-52	23
-31	-38	9	3
-8	24	-10	9
5	-27	14	42
28	7	21	25
-26	-8	-7	-30
-12	29	-27	-4
4	-28	20	-49
-3	-41	-38	-9
-48	6	25	-29
5	-38	-7	-6
41	-28	20	10
-39	14	20	-22
9	-8	6	9
-6	0	-15	41
17	-31	-7	-7
1	27	-11	27
-36	36	-29	43
-27	18	50	19
17	14	-17	-53
9	50	-28	-1
-30	3	-29	-12
50	23	48	17
-4	0	46	-30
21	-13	16	29
-22	-2	9	-6
-3	-17	-29	3
-29	30	41	38
31	-39	-59	5
31	-6	25	-12
25	53	-17	19
-9	37	4	13
-4	24	-28	-8
39	35	50	13
-33	43	-2	0
-41	-19	-11	28
37	41	-1	-1
5	-4	5	48
-1	-16	-1	33
-23	-10	-35	-26
8	-3	31	-10
23	21	-6	-18
14	-8	-2	8
3	-28	30	-37
-7	9	-16	-56
-28	-18	-31	49
-41	-18	-41	22
24	-12	-31	3
-2	-6	-26	43
55	16	36	13
-24	-6	43	-14
4	17	23	4
-19	45	25	20
-37	-34	-29	9
31	-7	49	-9
-14	20	52	24
52	-23	6	-5
-50	-1	13	-30
0	-26	17	-24
-37	-22	46	36
-31	9	21	-24
-1	-29	-34	-18
39	-18	-40	-6
-2	-10	-31	50
26	-23	29	0
-25	-5	2	9
6	11	-4	-22
12	1	7	-47
-7	-27	-5	-16
12	-37	-57	-13
16	-10	7	-44
-1	52	40	-38
19	16	9	-10
49	22	-2	6
-5	-42	-47	-32
24	-25	9	19
-8	17	26	28
-2	-35	27	-3
0	0	6	21
6	-9	-8	46
7	-9	4	-33
3	21	-30	18
-3	6	45	-12
-5	-8	21	7
-42	18	49	-1
-6	-39	29	4
-9	-15	23	-41
13	13	1	2
30	47	-7	-58
0	-11	55	-14
5	-42	-35	-22
0	-6	-48	3
14	9	-48	6
-32	14	36	-47
5	59	-22	-24
28	16	-18	-21
5	-12	47	9
33	-27	-5	-5
2	47	-8	-14
42	-29	-21	1
-2	5	22	0
-19	-15	20	28
-11	1	-45	6
-58	-3	-14	7
10	2	-21	5
19	6	-17	18
-21	18	20	-31
-5	-19	46	-21
48	-24	-4	-27
-16	-44	28	34
-4	-8	33	-22
15	-42	-8	-40
1	-18	-40	-31
-22	47	21	10
9	-53	8	15
18	6	-14	-19
21	-12	2	10
-17	-26	25	-4
6	22	21	0
-3	13	4	54
22	-39	13	-10
-19	-12	58	0
-42	-20	52	-8
10	52	5	-22
13	14	-35	-40
-38	6	13	-16
47	-11	1	-8
-8	54	-10	21
54	4	-49	-31
-33	-2	-18	-19
-9	3	35	23
4	8	-4	-11
53	3	14	-45
46	19	3	7
3	-33	29	47
10	-29	12	36
26	-23	46	-16
14	-14	-34	-44
23	5	44	19
3	-53	-23	0
-44	32	8	-23
-32	40	48	-31
40	32	5	22
-51	13	9	-12
-28	35	37	12
29	-12	0	-50
-36	-34	6	-7
-29	8	-7	1
-13	32	32	-6
21	-20	0	56
0	47	-33	38
29	3	25	-2
48	-20	-9	49
55	-3	34	-47
36	35	-45	4
7	4	13	1
-46	-12	6	-52
-44	-11	34	14
41	7	31	28
-30	1	-35	-23
-36	-1	-24	-2
43	-13	35	-22
12	-47	-11	-1
54	-4	0	-12
-48	-11	25	-36
1	-25	11	24
2	21	-38	23
10	-28	-31	8
-50	-24	9	12
34	40	48	-14
1	24	-7	-7
14	55	13	4
0	10	2	7
-31	-3	-46	0
-2	27	-28	4
-14	50	46	31
-5	14	21	-5
-27	-6	25	40
-35	-30	-22	-10
-1	0	2	-56
27	51	57	11
-12	-58	17	-2
43	-32	-2	-2
5	-22	-29	8
-19	6	15	10
-7	7	48	27
-13	-4	45	-34
-9	34	-7	11
-1	5	13	-44
8	-15	-9	-35
-23	47	-5	-17
43	38	-35	-20
-5	-8	2	1
-7	-32	-32	31
33	-42	40	32
1	-20	52	-23
-7	59	-30	37
36	-36	-30	-7
-41	-5	-10	33
-2	0	-27	0
-24	-22	-1	35
28	-44	-4	20
-6	46	27	9
21	6	10	5
6	-6	-38	-44
-27	-32	-53	-24
-47	-29	20	-49
-29	-28	-19	-41
18	0	0	31
13	2	0	-22
3	-3	-47	32
56	6	-46	-25
-31	6	-21	15
-15	28	3	2
-4	34	-5	6
48	-17	-25	-9
-27	42	-8	-19
-35	1	-34	40
-48	0	12	22
-22	-26	37	-3
25	-17	-17	-15
22	-38	26	26
-11	-37	43	31
-36	-8	-12	-2
-10	-46	0	-5
42	-29	10	-3
-29	2	-1	2
17	7	37	8
-22	40	6	-12
45	23	-12	37
24	-10	21	-54
-2	28	-4	-30
-41	18	-8	31
-31	-48	-7	-45
5	29	19	5
-40	5	-23	46
-4	-44	27	17
-2	3	37	10
25	4	0	-19
-12	38	13	-40
-35	25	38	32
-12	-8	0	-33
-16	0	-43	6
3	13	15	35
0	-11	-24	19
47	-15	0	6
8	-15	59	1
22	-22	-3	-13
-44	-21	-23	-37
3	4	31	-17
9	7	13	-24
-13	-20	-2	-41
-30	8	10	3
-2	14	37	11
42	-16	-10	-44
52	7	-12	-31
24	40	29	-30
-49	-13	-17	1
31	12	30	0
53	23	-21	13
-37	-22	-3	35
0	-17	49	-18
-15	-56	27	-15
53	-17	-33	-29
11	48	-34	-26
-36	-33	0	14
-33	-47	32	-35
58	4	26	-25
27	38	22	29
25	7	17	12
33	41	-21	6
-11	3	-1	-6
56	-5	-43	6
-7	-25	6	9
-28	19	-13	-12
-22	-49	5	-34
-1	15	-48	20
36	-44	37	39
13	11	-22	-4
-9	4	-12	11
5	30	-8	-4
41	1	-14	31
-4	38	52	18
-17	23	-14	-24
30	46	-6	40
-11	19	38	-13
23	1	6	-36
4	-7	-1	15
-41	36	-7	29
-6	20	-24	34
-13	-11	-56	-17
-3	7	6	40
24	-9	3	18
-21	34	23	-7
33	49	-57	8
-38	39	-16	25
-10	7	-28	-14
21	-30	-19	3
-1	11	-9	-22
-28	32	21	-51
-8	44	-5	8
26	-46	-9	-57
17	36	-5	41
2	-1	-23	53
-15	-16	-2	-22
-12	51	27	26
-14	-12	-11	-49
8	-44	20	-9
41	40	27	33
-41	4	40	25
13	-31	40	4
-1	-5	-17	3
5	-28	3	18
15	6	41	1
39	35	22	-2
13	55	43	-29
47	-26	30	33
53	-27	-16	4
47	-15	33	40
-13	-12	3	-28
-52	-12	-33	10
22	38	0	-6
24	23	13	-31
-33	-17	42	-4
-34	-36	19	4
20	0	-9	29
-11	-5	-26	-25
7	-57	-2	-9
-10	12	43	-17
-4	-16	18	-11
-14	8	42	-11
-9	-18	-26	8
5	-19	-17	-29
-4	3	-46	23
0	-23	-50	31
-13	1	34	48
21	12	9	-19
29	-4	-2	8
-10	0	42	-38
21	-34	-1	1
-14	52	18	-7
-9	-19	35	-14
28	-12	50	-31
-22	19	29	15
10	7	39	32
-11	25	-12	-14
44	15	-44	21
3	-51	-34	25
-1	4	-2	-12
38	45	29	-25
51	30	0	0
-28	-19	-6	4
-30	36	4	49
-31	-47	-25	33
0	31	-40	33
-50	28	32	-15
-4	5	-39	24
-22	8	-1	1
19	55	-25	-38
5	-8	0	-27
20	23	32	0
7	-35	36	-42
-13	-11	-43	12
-9	-21	-31	23
-49	22	-5	39
22	-3	-25	47
-6	-37	-22	36
3	5	17	-27
-37	9	0	-41
29	0	-1	-1
-46	-4	18	43
-14	-26	19	-9
-31	36	-14	0
-3	4	42	22
28	-38	26	-17
15	-7	51	-22
-20	42	-10	-21
17	23	17	-38
15	-30	4	-1
36	26	-13	33
7	-36	22	-40
-4	3	39	-44
-35	-35	9	-2
15	-37	-6	10
-6	42	27	20
30	-5	0	3
3	13	23	18
-54	20	42	-31
-12	37	47	13
-2	30	26	-44
-37	-34	6	10
-13	-22	-11	52
4	31	9	-39
4	16	20	-39
1	5	-13	4
5	8	29	4
-43	33	0	-25
37	-41	-14	-9
52	-9	8	-7
-13	20	3	-2
31	13	45	-12
15	1	-5	18
5	8	20	17
29	-33	48	34
19	30	-16	-1
-5	12	20	3
-5	-48	-46	-14
20	-11	-7	-8
-34	42	10	-19
0	37	-5	4
11	35	2	-18
-33	-2	-10	-14
19	13	11	-43
5	-13	3	29
-16	37	-5	-16
-20	-9	-29	-10
3	-26	35	23
26	-19	-35	-3
-15	-55	55	19
52	-12	-30	29
-10	16	9	26
-36	10	55	3
0	5	29	-46
-23	34	-34	47
0	-41	48	-8
0	-8	5	-44
-33	26	-17	5
-12	-10	-35	31
6	-10	27	11
42	-9	-37	-15
10	-17	31	-42
-23	-31	-32	-23
-7	37	-21	-12
9	0	-9	-53
27	-26	-42	-39
-16	36	46	20
8	14	12	-1
-40	-20	-12	-50
-23	24	-30	-1
-4	11	54	24
-6	-6	22	-53
18	14	-50	19
14	30	-28	-23
-13	6	6	13
24	-10	35	-24
2	-46	45	-4
10	23	-26	24
-31	14	11	-12
6	5	39	-1
-20	32	34	-1
23	-37	35	-40
-15	-2	-4	10
-15	38	37	-6
7	-41	-25	-21
49	28	21	-55
-26	28	-5	-1
49	17	43	-29
-8	-51	36	-6
-47	-13	5	-3
26	-17	-47	-10
-37	20	-18	-15
-48	-18	8	4
45	8	-9	-6
54	2	0	22
0	13	23	6
12	-16	-40	-17
-49	3	-1	6
45	-36	9	18
-27	0	45	13
6	-20	-45	11
20	-22	33	13
8	2	-8	46
13	33	7	-47
-4	14	25	20
-19	47	58	-8
43	38	-9	-10
10	43	52	-22
33	-48	-1	-28
-36	-33	-45	1
-1	13	-7	37
2	-28	6	-46
-1	-41	-25	4
-8	-11	-26	-23
19	50	-37	17
-8	3	43	-21
12	45	-3	0
5	-21	-13	-3
-19	41	17	24
-42	12	-49	8
-1	0	-30	19
6	-5	-36	17
-12	15	3	-1
23	-32	4	1
38	-24	-30	39
24	17	-5	37
3	43	-8	-41
1	28	15	-40
-25	-47	50	4
-25	24	20	-29
-20	-25	-21	13
51	-10	0	10
-37	-6	12	-1
-4	13	-33	-41
-36	39	11	-54
32	-8	49	-24
-11	45	49	19
15	36	5	33
14	-3	-2	5
55	17	4	44
52	7	-4	-17
36	-19	-25	3
-33	33	-2	24
-37	5	39	18
0	0	26	-5
3	55	8	-1
32	-31	39	11
