4000
18	-9	-13	1	-72.283090
-32	22	-1	23	69.286172
38	45	2	-15	-8.987701
0	-55	46	-35	-85.839412
17	-1	1	1	48.844874
0	0	49	-24	-40.684225
-29	-10	-13	-33	-17.813654
12	15	56	-10	-18.521683
-58	-5	-9	-5	14.590899
-22	-28	-17	5	-2.255318
-28	25	34	-11	-44.877468
-44	-6	-24	0	33.817560
46	-6	25	-31	-34.916227
-5	-9	-8	52	74.584185
20	32	-8	-2	-50.315867
54	18	45	4	50.401318
0	0	-23	30	56.016724
32	33	-26	44	-46.549883
0	-28	-50	-11	-8.206427
16	-13	-1	38	-89.794610
-56	-11	48	-6	90.746788
22	-21	-29	-34	83.318583
-10	27	15	-13	-35.160375
0	-23	-7	8	64.030885
17	-1	1	-10	-73.668630
4	0	-7	23	-30.027161
12	-22	-3	-4	58.079775
1	-8	0	12	6.967376
12	37	-47	-5	-15.408795
-44	-28	-21	7	13.608203
-3	-21	0	16	-26.841029
31	27	-16	-8	-92.437513
10	9	5	6	99.450667
35	-12	-16	-37	18.570513
-6	51	20	30	-29.831843
13	-28	-2	0	49.827570
-8	-46	-36	5	31.919309
9	31	-45	16	81.670583
-15	5	21	36	-65.654469
-46	6	8	24	44.364757
32	-1	29	14	83.922849
19	-14	52	3	65.269936
10	-4	6	2	-55.247658
-2	6	-37	-28	64.952544
-57	14	-12	-25	-57.866146
28	-25	-50	9	-38.651692
1	-5	-3	-15	-73.821223
11	0	-5	-10	66.710410
54	23	2	3	-16.806543
-18	14	-28	27	-47.129734
-15	-22	-18	49	65.446944
36	30	-26	32	42.197943
-30	10	3	18	-28.531755
2	7	-17	7	78.661458
37	-28	22	-34	-26.554155
0	16	-18	-2	71.605579
-6	15	8	17	-19.309061
-20	11	35	-10	-91.998047
-13	-13	-9	1	74.169134
15	-14	-3	8	23.398541
15	5	-36	-16	70.610675
28	-6	-30	32	-68.669698
45	-12	6	12	1.834162
11	-3	-45	10	61.540574
0	6	6	7	-49.992370
2	33	-12	-11	73.119297
-44	19	16	-30	87.597278
-3	39	-36	30	15.646840
-18	41	2	28	-42.667928
53	22	-37	-33	33.323160
28	8	-17	-3	-83.159886
-6	-28	0	0	-29.728080
-16	-15	-3	-3	-9.939879
-13	19	-21	-55	63.560900
-10	-32	18	45	38.535722
-7	34	8	14	-70.427564
11	-24	4	6	-85.778375
-26	-12	20	27	84.356212
-49	-28	54	10	7.681509
8	1	8	11	-86.370434
-21	8	45	19	85.235145
-25	-18	6	-9	-50.425733
-28	46	-7	15	42.326121
16	-21	-44	6	-57.359539
0	3	-30	-17	-88.732566
4	-5	48	3	-35.544908
-26	19	16	-43	76.189459
-15	27	-39	33	65.276040
16	7	-1	0	90.533158
0	0	21	12	63.347270
-10	2	55	14	88.274789
-7	5	42	13	87.408063
0	0	-1	-35	53.544725
15	-10	28	-22	-46.519364
-53	14	-42	27	90.722373
18	36	11	6	-42.527543
-35	-20	-4	-4	41.770684
12	8	43	-35	31.028169
12	-7	8	-21	56.028932
-35	-41	-9	52	64.799951
0	5	6	0	-46.140934
-12	-31	4	-9	-24.362926
23	51	3	-41	-34.922330
-29	-12	1	0	6.912442
6	-2	-7	-3	-9.323405
-28	28	-57	15	29.776910
-39	42	36	27	57.011628
-30	21	8	11	82.433546
-7	0	-30	-37	30.430006
-1	-54	22	-10	69.042024
-42	28	8	-23	62.401196
-17	16	28	-7	65.440840
-2	-2	34	-46	-34.891812
46	-18	31	18	69.780572
33	49	-3	10	-99.194311
-17	-48	0	2	-82.146672
-22	-42	-39	7	-70.482498
15	-49	-4	0	80.205695
33	-6	-1	-4	24.076052
24	-6	0	1	-4.129154
3	40	14	-14	54.155095
5	18	-3	-6	-98.718223
-21	-18	-8	55	86.577960
8	-25	20	6	6.851405
-7	43	-2	-45	73.100986
-6	-3	28	-17	-16.379284
49	-27	0	-3	-76.360363
4	-23	22	-25	72.777490
34	42	11	-13	18.320261
8	6	-14	14	-53.361614
3	4	-1	0	-80.535295
-44	-9	8	-4	-43.296609
-11	25	6	-1	-68.504898
-16	-43	20	-9	26.255074
-11	20	-5	-32	-54.307688
-5	23	3	28	8.236946
-28	30	-23	23	24.686422
37	45	-3	8	57.322916
1	-5	41	-20	-48.002564
-22	-24	3	-6	84.496597
-8	43	20	37	21.073031
-4	-15	9	-1	97.094638
5	-28	-2	19	-10.196234
20	-52	-14	5	2.645955
0	-7	-4	4	-92.956328
-29	19	-2	0	95.953246
-18	-17	-17	22	-49.491867
1	25	-11	-57	-19.626453
-15	-48	35	-16	26.859340
-5	52	-21	-6	-78.344066
-33	17	-15	19	-0.601215
-22	-34	-37	1	20.480972
-11	-55	43	31	-48.912015
16	-18	-5	-57	-56.651509
-9	0	-18	-2	-13.486129
-55	-20	7	35	95.849483
-1	4	18	-13	50.218207
-42	28	18	-29	81.572924
0	-1	1	-3	15.701773
0	1	24	3	91.082492
5	-2	-24	27	4.519791
-14	-22	0	0	-69.444868
-18	-48	-2	-19	53.147984
-30	-15	-29	20	-42.960906
10	-16	2	0	-18.491165
12	-4	-19	13	59.050264
-26	-32	17	44	-43.394269
-3	18	-26	-33	-87.755974
-35	-26	-4	37	95.861690
9	-1	6	26	6.558428
34	-4	-5	-34	3.012177
-48	12	-2	1	-2.273629
6	0	0	0	-93.548387
24	-19	-29	-7	-79.400006
-5	-4	-7	-26	12.021241
-33	-48	-8	-21	76.537370
5	-44	-27	14	66.826380
-21	16	50	1	32.297739
21	21	6	1	49.009674
0	-1	-15	-36	-14.828944
10	-51	-15	17	-59.178442
4	33	-48	2	15.683462
-24	5	2	-7	-97.582934
-21	54	14	-47	-57.866146
-12	-42	-5	0	36.765648
10	27	0	-9	-25.247963
-1	-26	5	42	87.108982
28	25	-2	-3	63.396100
5	-24	5	23	-86.773278
2	-39	-3	0	-97.723319
30	-33	-5	-27	6.472976
40	-27	-24	-11	-50.376904
-16	27	-9	-48	-36.429945
-33	20	13	10	37.730033
-54	10	0	-34	-23.593860
-30	-24	13	33	-95.861690
35	-22	20	-31	-73.052156
41	-3	19	53	-47.984252
25	-14	15	27	-45.213172
0	0	-25	17	-48.710593
50	25	10	-6	34.983367
-52	7	-12	-20	11.459700
-21	-37	-3	-6	53.209021
-5	-2	22	22	-8.688620
-39	-21	-30	-30	-13.418989
0	19	28	-6	-79.711295
-48	-24	-40	41	77.355266
-20	46	18	40	-81.707205
51	-27	39	28	-32.407605
24	32	-4	-8	-54.057436
-16	-1	0	-37	-82.311472
8	-1	37	-14	11.276589
-10	-52	20	-44	69.335002
31	-12	-23	6	7.260353
-1	33	51	18	-29.819636
-12	-41	10	-48	-98.602252
14	-15	-47	15	-6.179998
6	-46	6	24	2.523881
0	-43	-15	-45	-88.470107
10	-44	1	2	26.932585
38	-8	42	31	88.488418
-1	-13	-14	-29	76.946318
-3	14	-6	19	-30.057680
39	44	8	-44	-52.085940
-14	-9	-4	30	17.136143
6	6	-4	13	33.628346
-52	21	19	-18	-65.037996
-6	29	13	-44	85.784478
-38	22	-9	8	-17.160558
10	28	-2	-31	-10.415967
28	-7	10	-2	61.601611
-3	0	13	42	2.108829
-25	47	-33	-11	71.489608
1	0	10	-11	25.595874
11	15	3	-11	78.771325
-34	42	5	25	-88.134404
-3	-3	-46	-30	11.044649
0	5	6	17	-81.499680
-15	5	0	-11	-98.474075
37	13	-14	-24	-18.539995
-6	46	-2	1	-77.117222
-6	-2	2	5	55.967895
-2	2	-20	54	-46.586505
5	13	24	-38	39.182714
-20	34	47	-24	-85.009308
-37	-36	-19	-30	55.217139
-28	10	0	1	-75.841548
0	6	23	-14	66.301462
-16	5	-3	-1	94.195379
-11	-14	33	-19	-3.128147
1	21	46	15	59.111301
1	19	1	3	-67.003388
6	-22	14	-1	18.808557
-27	10	-25	16	-41.752373
39	-24	18	-20	-83.306375
-14	33	-16	-7	17.734306
-22	4	-18	16	-73.070467
3	24	-2	4	-76.635029
15	-57	30	-17	78.215888
41	42	-2	0	-54.466384
-12	46	32	19	-90.752892
31	6	44	-39	34.580523
-33	16	28	-1	23.789178
-41	-36	14	55	78.545488
-15	-25	35	-43	47.636341
-23	-41	-5	-29	73.302408
-32	-12	-11	-16	-36.454360
47	15	-11	17	-71.678823
-11	36	-5	-15	-85.741752
38	4	-42	0	19.315165
-10	16	22	6	-93.420209
-3	-12	35	-3	-47.666860
-42	23	-14	-30	-55.040132
14	3	-10	12	-51.701407
39	-1	48	15	97.082430
27	-18	-1	-18	16.483047
1	0	27	-22	-29.233680
-27	11	13	0	85.937071
12	11	-14	10	-13.376263
12	11	-13	37	-70.097964
-1	-3	-39	11	74.907682
4	-8	24	-1	74.248482
48	-20	4	0	-41.740165
-12	53	-32	38	-45.133824
-6	16	-2	2	45.152135
-13	-15	38	-35	-78.191473
8	-10	26	18	75.322733
-7	-25	13	13	-94.958342
51	10	20	-34	-60.374767
0	1	1	-13	-15.475936
-2	15	13	0	-14.242988
5	-16	24	-17	-74.694052
0	21	17	-12	-16.763817
9	-12	37	39	-59.605701
-55	-8	0	3	91.473128
21	-13	-2	0	79.363384
17	-15	3	-8	9.598071
-31	-23	20	-51	-96.667379
-5	9	4	10	54.625080
-21	19	5	44	88.909574
-30	0	-2	-58	-93.023469
20	-12	-31	-50	6.796472
22	-26	-19	29	-91.723380
35	4	-12	-21	-84.533219
-44	-36	2	3	19.998779
32	-15	21	33	19.437239
-25	-6	-42	-31	-21.439253
5	-3	-45	-17	92.645039
1	-56	-55	20	-62.376782
3	6	42	6	96.325571
11	-12	-38	38	-78.759117
-4	-38	3	-10	-1.223792
-2	0	-10	47	78.832362
-53	2	-6	-38	79.473251
4	-22	42	3	83.574938
-8	0	7	-14	-53.263955
18	15	10	-6	28.922391
-7	6	6	4	-32.694479
5	-21	38	8	-66.905728
34	-10	-24	-43	63.658559
21	-18	-29	15	38.273263
-25	34	54	-23	15.787225
-33	-9	22	25	-15.707877
-7	6	21	-7	-59.514145
29	42	-49	17	79.271828
-1	-17	0	-1	-55.204932
13	2	36	-2	59.813227
14	-8	-36	21	-27.683340
24	9	-51	19	-73.772393
-35	40	1	-40	24.185919
-2	-37	-49	-10	-24.161504
32	-28	-35	-28	34.067812
54	-18	-42	20	-31.900998
-4	1	-14	39	32.413709
-21	-22	12	29	-69.664602
-26	35	9	12	-7.736442
-11	-7	8	19	35.465560
11	-33	-2	-2	-50.749229
4	-2	-11	5	81.615650
-45	-19	-19	-14	-98.699911
15	44	3	-8	-50.511185
-20	-3	-23	-32	-93.914609
-19	0	-3	15	78.014466
3	12	4	8	73.436689
-1	10	1	-41	-70.867031
-5	6	37	-38	26.218451
36	-6	-17	22	73.448897
-24	-46	-12	38	-87.731559
1	21	28	5	49.388104
8	48	-11	35	-17.789239
10	-20	-25	-7	34.122745
19	31	2	-19	30.289621
0	0	-42	-35	-23.831904
29	35	10	-23	-13.547166
23	-26	13	-9	23.056734
12	50	-22	-18	29.337443
48	6	10	-9	38.523515
-8	-2	-3	30	-12.741478
-55	16	-34	-6	68.370617
2	3	-7	-46	-93.511765
-9	-32	20	-35	-25.260170
55	3	-24	-36	-41.489914
-27	-4	-3	0	-35.935545
-18	9	42	-11	-97.259438
-7	16	-49	-18	-54.289377
-4	-23	-3	-1	41.782891
39	23	28	-20	-71.727653
-12	39	-31	-31	32.963042
-9	0	-44	7	38.865322
-16	-18	5	12	24.515519
-12	24	-8	1	86.400952
17	-25	0	25	7.663198
13	1	18	28	67.149876
-21	-22	-21	-31	84.630879
-18	31	19	-15	-18.753624
12	-30	26	2	57.115390
-2	-32	-6	38	-4.452651
-29	-14	-5	3	53.550829
17	-33	11	-24	48.039186
-7	50	7	26	73.650319
1	13	4	0	99.340800
14	20	-45	-3	-3.140355
15	-14	17	-45	-20.645772
-2	-10	-54	2	98.797571
8	-3	20	24	-7.895138
15	6	-1	-8	-58.580279
-8	-8	-7	-2	31.424909
18	0	-37	-31	-24.942778
8	-11	0	0	-86.333811
45	18	-11	4	83.452864
22	22	25	-53	-24.961089
0	-2	55	11	65.794855
35	10	0	-15	3.994873
29	13	33	35	45.243690
-27	29	-11	-5	36.393323
-43	6	51	-4	94.738609
0	-4	1	22	-6.686605
39	-15	-37	5	6.540117
-15	-18	54	-21	-49.247719
-19	-11	2	-19	-92.577898
-41	9	-32	30	-5.233924
22	11	0	0	27.353740
-4	52	3	2	-26.755577
-9	-14	-13	-11	-78.740806
22	-11	-17	-25	66.673788
0	-52	17	47	74.169134
-30	-32	5	1	-91.540269
-41	-8	25	-15	23.685415
-32	-6	-20	43	87.273782
7	6	19	-12	-40.311899
-53	-23	0	0	93.926817
6	-31	0	-1	51.719718
17	-19	-11	0	58.580279
1	16	-47	-9	-63.621937
-41	-18	1	4	85.369427
17	6	-6	21	94.317454
24	2	43	-7	84.185308
11	7	11	-16	-34.153264
28	15	2	-8	4.519791
-46	23	39	-30	4.336680
-33	-40	-43	0	-51.329081
18	18	-30	6	9.897153
-10	39	27	-8	27.591784
1	-7	-6	-2	-36.545915
54	-24	3	4	-14.255196
-23	-24	-27	-35	-65.916929
-3	-42	6	-4	-48.576312
0	-6	19	52	-98.541215
-10	8	48	32	69.316691
5	2	34	-1	65.074618
30	49	-50	27	85.509812
36	-34	10	-10	40.031129
22	18	-49	9	18.057802
-40	-18	-44	22	56.547746
28	-28	44	-7	74.578082
15	-5	-17	-39	-48.881497
-13	1	-24	-48	-2.383496
29	30	0	2	86.205634
-54	22	34	12	53.349406
-10	-23	20	48	86.962493
19	-22	-1	-7	-45.628224
27	27	19	-28	-35.911130
-5	-7	-10	8	-51.493881
-16	14	46	20	-75.475326
43	3	-15	-4	-62.804041
-5	-8	21	-17	83.507797
28	-22	-34	6	34.183782
-5	-17	-56	-1	-94.317454
-13	-14	10	2	63.261818
10	41	4	1	45.719779
-13	4	21	10	-52.793970
-37	-9	-13	0	54.325999
-1	-35	-10	-3	-15.713981
-7	-44	-18	-16	89.794610
-1	0	32	27	68.407239
-19	3	-7	-29	51.676992
15	24	-3	-5	9.427168
26	-13	15	16	-41.288491
-3	17	-10	-7	76.128422
21	-12	43	-16	-58.995331
39	-27	41	25	-66.887417
-3	26	19	-8	-21.713919
46	-10	-47	2	13.339640
20	-37	-4	-21	-20.542009
-6	-9	22	5	63.811151
4	39	-2	0	29.209265
-27	26	41	-4	44.456313
44	33	4	30	-46.378979
2	-22	24	-13	-65.581225
28	-11	0	0	37.467574
-32	4	20	-1	-84.081545
31	21	-13	45	32.645650
18	-31	-21	49	-14.670248
42	12	-23	18	70.952483
-32	0	8	-20	49.998474
11	55	0	2	-24.137089
5	-5	36	23	-69.792779
-17	4	-24	-14	65.526292
7	2	-23	9	76.726585
-12	54	-29	46	96.362194
34	-40	56	5	-56.608783
-14	-1	11	1	20.175787
-47	36	30	-24	-52.507096
-24	-40	29	-33	-72.508927
7	6	-35	17	68.675802
9	48	11	49	-71.123386
46	21	-9	35	-1.821955
-9	-1	-42	-40	61.064486
-38	5	11	44	56.035035
29	-17	-15	34	39.890744
6	-5	-45	-33	-21.616260
37	21	24	-5	-43.668935
16	-20	20	15	40.507218
19	-27	-10	55	-91.039766
-4	54	-14	11	-46.427808
32	-14	-35	-13	73.473312
0	52	54	15	-41.550951
-10	-31	22	0	32.724998
-18	52	4	-10	48.625141
25	-10	-20	25	-49.967956
-15	22	-47	-11	76.512955
5	-10	17	-16	-60.075686
3	4	-2	-18	1.113926
-34	33	-4	-9	-40.903958
-16	-17	19	-52	47.404401
41	24	39	31	-27.689444
3	-27	52	2	-10.397656
-19	50	-18	-42	14.383374
15	46	-12	-44	-43.540757
46	-28	24	-11	96.990875
-23	-5	7	4	-0.338755
-2	-1	-24	-10	81.005280
-12	-34	13	6	-77.861873
-8	7	3	21	-55.565050
14	-16	-4	46	-96.826075
17	12	1	0	81.756035
9	5	-30	35	-44.920194
1	14	-1	0	51.658681
-3	32	8	32	34.678182
-1	48	23	-6	-58.079775
-16	22	-32	-6	-63.597522
-17	20	-10	-14	-12.839137
-10	38	6	35	72.331919
-45	0	15	-26	96.240120
-3	3	-25	51	13.516648
-1	-5	2	3	44.853053
-13	-27	-37	25	52.067629
5	39	-14	-35	-9.231849
-13	43	-12	-16	-0.778222
0	27	22	47	-50.743126
29	-33	28	34	23.184912
9	-15	-32	26	53.117466
-39	-10	-6	11	41.898862
20	52	-18	-5	-14.859462
-7	6	21	33	-58.616901
-7	33	20	-9	9.360027
-25	22	-11	2	-61.375774
-5	-35	38	39	40.562151
-12	29	-36	-41	-22.513504
-2	-31	13	46	-2.560503
10	7	27	5	-84.032716
31	30	-2	27	33.530686
-22	40	1	0	-65.288247
9	29	-26	-36	-13.510544
11	26	1	-2	32.981353
0	-10	28	38	85.070345
-19	14	45	-37	15.927610
15	-5	21	17	52.299570
11	14	19	1	74.254585
58	-2	-18	-53	8.609272
-18	35	14	-40	-25.174718
-46	24	-33	38	66.380810
20	-34	56	-8	-91.869869
-26	-33	-24	16	61.461226
43	32	36	9	64.677877
49	-14	-12	0	79.338969
-21	-24	-10	-8	-44.535661
-37	-28	0	0	-45.927305
11	1	-6	4	48.136845
40	42	46	0	86.034730
-26	29	31	-25	-74.309519
-21	-37	-10	22	24.344615
26	28	-22	-24	-2.816858
7	-3	-1	-10	-16.586810
-16	-43	1	-1	75.493637
-42	10	-32	-11	24.558245
-9	-27	26	-38	99.493393
0	1	33	8	-6.338694
32	-21	23	-50	-78.130436
10	40	-38	38	-20.035401
-33	9	-15	-8	-56.260872
11	-23	-28	50	-62.321848
59	-6	3	45	77.538377
0	0	11	13	-82.616657
-18	23	-6	41	85.668508
0	-59	52	-13	12.399670
-41	-10	0	0	-0.833155
-19	21	-6	-32	-38.547929
0	-7	8	13	92.626728
33	1	22	9	4.824976
4	-23	-1	0	29.624317
-9	-2	-12	53	72.887356
44	-14	0	0	11.484115
-1	-51	43	-29	16.751610
12	0	-11	-51	57.335124
-28	1	50	11	-4.000977
25	-31	37	19	82.525101
-27	16	35	24	-14.206366
24	41	34	1	-15.579699
49	1	12	-34	10.385449
-49	32	-18	53	53.740043
-27	-20	6	31	64.452040
-17	-1	2	-28	93.255409
-1	0	-32	-44	9.805597
-7	1	-20	-19	37.485885
-3	-7	26	-32	-40.134892
30	-12	-28	29	97.479171
44	-8	-17	-20	84.270760
-2	45	29	29	86.535234
35	-35	24	5	-22.727134
2	3	28	-47	-72.002319
-6	4	-50	3	80.742821
-22	3	51	3	15.598010
-47	-12	22	-53	79.088717
-44	-12	43	4	-43.198950
-37	0	-25	-39	98.254341
32	15	32	25	-48.002564
-2	-3	21	-26	-9.530931
-17	40	-34	3	85.253456
-23	21	13	26	76.329844
-24	-14	27	-29	0.369274
37	30	-49	-25	62.804041
-3	-3	42	12	-72.283090
15	-3	8	10	-0.198370
-23	-32	-15	-26	-60.197760
-25	-5	-7	-6	74.492630
26	40	-5	-8	48.136845
16	27	55	-6	-74.279000
33	22	10	-22	-80.120243
-8	-27	-1	55	39.457381
2	39	30	-4	-3.073214
7	-1	10	35	1.406903
-30	-26	36	-33	63.786737
-25	18	-5	-14	-81.591235
48	15	3	-7	-68.706320
-12	4	-7	-4	-95.831172
24	27	-30	-8	-32.590716
5	-9	-37	7	69.750053
28	-29	-23	-41	-98.608356
-40	22	-31	19	33.359783
-17	17	-32	-14	69.933164
9	-8	25	0	-76.354259
-44	-15	39	27	17.581713
-8	7	8	-13	68.138676
0	0	8	-40	61.961730
-8	-19	3	14	-8.633686
7	-21	7	-11	-22.476882
12	29	-28	3	-46.867275
11	-7	-34	-23	79.650258
10	-13	24	-17	26.212348
-8	-31	11	19	89.434492
-33	-27	-2	56	97.784356
48	-18	-2	6	61.882382
33	36	1	0	4.263436
20	28	10	-20	89.757988
-2	-35	15	-10	-99.890133
-31	-1	6	-45	-20.877712
-29	-12	4	9	-57.090976
-4	-5	16	-1	-46.537675
-32	12	-48	20	74.205756
31	20	-40	-31	7.968383
-41	-5	6	-3	-86.370434
-10	52	19	-33	-71.849727
-32	6	-48	16	-12.759789
40	25	0	0	-67.430647
-15	42	-48	14	-94.964446
42	-31	-41	12	-76.763207
2	32	-29	16	-87.298196
24	19	17	-6	-45.579394
-39	-36	-26	-28	92.675558
21	34	0	-1	85.460982
29	-45	47	-30	5.795465
-17	0	46	-16	-8.578753
-12	-50	-39	19	-28.373058
-11	-41	38	18	91.955321
-4	45	31	-34	-92.675558
-2	2	21	-39	47.770623
19	-2	6	-25	-7.785272
44	30	-17	35	-32.224494
13	-4	-20	55	-69.945372
5	-35	-27	21	-99.633778
8	15	0	19	-27.811518
-19	18	-14	20	-23.050630
4	-15	-27	7	-38.712729
-29	9	13	46	40.641499
19	-2	-19	14	47.886593
7	7	57	-3	76.940214
-11	-30	3	-19	71.141697
-3	43	3	0	16.049684
-8	18	36	17	51.329081
18	20	-31	-28	10.812708
-38	36	12	56	-32.309946
-5	-18	-36	-35	83.971679
-21	25	-26	-51	43.559069
20	20	-10	-8	-15.536973
-11	-6	-18	-13	-7.083346
-24	-12	46	35	20.279550
18	40	40	-11	56.010620
-12	28	28	15	-18.698691
6	24	-24	8	78.917814
-54	-12	-7	39	75.127415
-7	9	24	-46	-22.769860
7	-3	-23	45	-30.185858
2	-43	-35	39	2.664266
5	-8	5	5	-82.805872
37	-17	7	11	-64.641255
36	-37	-3	-34	4.794458
-21	17	-31	1	-41.264077
0	-2	-2	-7	85.930967
-30	-34	4	-11	42.851039
-28	5	58	5	-35.947752
17	30	-20	54	82.879116
-17	3	36	31	-86.364330
-40	-12	2	-29	66.100040
0	-3	-23	11	-8.944975
-30	36	-4	-8	-87.835322
14	-37	-43	-4	-15.506455
27	-47	28	20	56.602680
8	19	-49	28	35.148167
10	40	33	47	73.137608
-5	-14	-42	19	-11.935789
-6	-20	-12	40	56.938383
46	-35	-25	-43	-52.006592
-40	-7	-2	17	60.686056
-14	29	-50	24	-27.127903
-17	33	35	14	-25.528733
-26	-44	40	11	-36.655782
-29	25	-22	-1	-91.430403
-22	-15	-27	0	-70.067446
43	6	47	23	-97.900327
3	-3	0	12	-79.534288
37	12	-2	15	-80.242317
-48	-2	9	17	53.263955
28	-8	-45	14	-83.611560
-6	-4	55	15	30.259102
-19	12	20	12	-80.260628
7	-40	52	3	23.245949
34	-3	31	-39	-69.200720
-31	-3	29	-7	-38.853114
4	-8	-35	44	92.809839
16	-12	-2	0	21.762749
-21	-14	9	-14	-39.707633
-57	17	-3	1	-27.646718
3	13	-1	-15	-67.265847
-13	0	36	-43	-64.903714
37	-10	22	-44	-71.544542
4	0	9	-49	0.637837
46	-24	13	-23	89.257485
29	-41	-32	-21	48.509171
-9	23	-54	3	-93.224891
35	36	-7	50	-8.651997
-18	20	-16	10	56.437880
-27	-15	12	-43	-90.673544
-2	-2	-18	-24	-11.868648
-4	34	43	-34	28.855251
40	3	1	0	41.184729
-3	0	2	29	97.882015
-7	29	-13	-33	-36.606952
-41	19	19	39	-26.529740
23	19	-13	54	-84.636982
-10	-4	-33	7	89.153722
-4	8	22	47	-64.079714
4	0	-27	-13	20.505387
2	1	-34	19	45.353557
1	-5	-24	-1	34.965056
59	-6	22	32	-58.189642
-52	8	8	-7	-67.485580
-37	12	-8	16	15.378277
36	26	12	45	-17.178869
9	41	-1	0	-11.038545
-1	26	-27	26	66.222114
21	-22	14	53	-79.308451
9	-18	7	0	-43.852046
30	10	47	-23	-6.558428
-9	2	-4	-29	-36.191900
17	11	-25	-6	98.681600
28	40	34	34	-80.645161
10	6	-12	-1	90.002136
-48	28	-36	18	54.045228
-8	34	-28	27	12.845241
32	-6	-50	0	-71.520127
32	-29	-11	15	34.452345
6	2	-17	57	-72.069460
-47	-33	32	30	45.927305
8	56	-23	24	21.610157
19	-28	-1	0	-52.000488
-13	29	-44	19	-92.510758
57	14	2	-5	-67.882321
9	-3	44	38	-66.222114
-16	0	5	22	-21.280557
-36	-36	25	4	26.194037
-52	9	18	4	-29.606006
0	-6	9	30	-0.674459
-22	13	14	28	0.930815
-58	0	-55	16	-32.206183
-6	-1	37	30	79.674673
-55	-3	14	0	32.621235
-12	19	16	17	-11.435286
5	-11	1	45	6.747642
13	0	-7	32	-42.332224
18	25	7	-46	23.349712
37	43	8	-26	-33.896908
12	26	24	25	3.970458
-19	-18	45	-16	-93.102817
-7	-26	34	43	74.913785
0	1	14	5	1.571703
-5	7	-3	-50	-61.943419
54	-5	-47	21	16.653951
-11	8	31	42	59.300516
2	12	31	-6	92.046876
-41	26	-26	37	-26.291696
-39	-42	-17	-10	21.189001
-5	0	8	27	18.692587
-9	0	-5	-3	51.969970
-35	9	-2	2	-91.308329
-23	38	-17	20	58.018738
28	-24	22	-16	65.276040
5	2	33	8	-26.615192
-5	-12	-16	13	-16.617328
-12	13	-14	20	-85.253456
-30	5	-35	8	-39.768670
8	5	0	-22	26.090274
52	17	-12	-7	17.154454
19	5	18	-37	-5.233924
31	-16	-5	31	-3.866695
0	-10	21	14	20.865505
-36	29	-3	7	-20.731223
-14	-27	-1	45	-64.610736
34	39	20	3	-67.394024
-6	46	16	8	-43.058565
-30	10	-2	-4	-85.137486
-19	-32	22	41	-33.439131
-8	2	-21	13	-18.411817
-40	26	-2	0	16.055788
-36	-44	-2	-11	41.471603
34	31	-46	7	-63.212989
3	-37	54	8	23.728141
0	0	11	23	53.923154
-23	-43	7	-5	8.224738
-25	-29	3	5	-85.491501
-2	14	-56	-3	15.640736
10	17	4	-50	32.084109
20	34	35	22	78.807947
16	55	-2	0	-40.000610
10	37	8	-44	-56.663717
6	-51	-10	-16	-80.462050
7	-6	27	40	-34.861293
-20	16	-17	-3	-21.433149
-2	0	6	8	92.071291
-2	-1	-46	-24	-51.908933
8	-2	31	16	16.385388
12	-3	5	-4	-22.647786
1	-10	5	-7	-33.268227
-6	8	0	27	-80.663472
12	-56	-6	25	-50.059511
-25	43	24	-4	-96.917631
0	13	5	-37	-38.865322
-50	10	-17	-41	93.261513
21	49	-7	-10	-50.962859
-17	0	-7	22	64.934233
-24	26	21	36	-72.710349
-32	-17	-36	14	-43.711661
13	-32	13	-11	-11.307108
-37	-15	37	19	77.361370
-16	-15	3	-22	-29.245888
0	-49	34	18	-9.982604
31	48	-2	-2	-91.296121
40	0	47	20	17.099521
-37	4	-11	25	-34.354686
5	17	12	23	34.226508
-34	35	2	48	73.674734
13	-8	-1	8	79.668569
-9	-5	0	0	30.948820
-3	-34	14	26	-10.415967
12	5	-2	28	-75.475326
-7	-6	-37	41	-28.586688
46	33	-2	3	7.998901
-44	-8	28	23	-66.643269
10	33	25	26	-93.011261
-15	2	-3	-51	-33.829768
41	16	44	6	83.184301
-22	-18	-4	21	-48.503067
-56	-9	-19	2	50.096133
-2	5	49	2	16.483047
-41	-9	-3	-6	-29.526658
-10	19	-1	2	65.648366
-34	31	42	39	-46.269112
0	-37	27	22	-30.582598
8	-42	38	-44	-29.270302
54	11	-35	8	-10.971404
4	-32	55	-19	37.015900
48	-16	-41	3	-81.066317
9	53	39	31	93.615528
-4	-11	-6	-19	-85.552538
14	5	24	-15	-94.524979
0	26	17	0	96.868801
43	29	13	-54	15.756706
-3	0	-41	35	-45.939512
-38	-6	-39	31	-59.514145
-15	35	-42	14	-53.520310
-15	39	-2	-10	68.852809
-21	-50	9	-23	-47.868282
45	22	30	48	-56.254769
-28	33	5	0	11.142308
-1	2	-8	-28	-62.273019
3	13	-30	-23	-41.538743
-14	0	1	12	-30.332347
50	15	-5	-3	-17.960143
37	11	-23	-35	-5.398724
28	0	-6	14	75.157933
10	7	-40	18	47.880490
35	44	21	23	99.932859
-33	27	7	38	-86.162908
-27	13	-2	-15	-53.056429
-10	-33	0	4	-42.625202
-31	-34	-34	45	65.025788
-36	-38	7	4	83.886227
24	44	-5	-17	-59.306619
15	19	6	45	-8.352916
42	13	-9	5	-94.140446
-34	-44	-21	-55	65.886410
0	0	-34	41	99.212622
4	4	20	51	-60.936308
0	0	47	30	94.647053
34	39	13	58	23.075045
-4	21	-25	20	94.219794
-34	6	20	43	53.495895
-41	13	-46	37	74.565874
18	-2	-25	-21	11.502426
22	29	19	48	-22.006897
-20	39	4	42	21.225623
-31	-28	-6	6	-8.420057
10	-12	-10	37	4.263436
-3	-49	-2	6	-84.319590
17	-41	-4	0	-79.039888
-52	0	-50	-25	-30.246895
17	19	-39	27	11.575671
49	9	-19	18	-71.770379
-10	0	0	0	29.227577
15	-1	58	11	44.999542
-40	-42	-13	12	-31.907102
-47	12	-8	28	59.544664
13	7	-10	-42	-27.494125
11	26	-5	23	-52.653584
0	-1	-6	-1	81.200598
17	-49	-14	54	27.475814
15	-12	0	-51	27.793207
0	-59	-37	39	-93.255409
-3	21	35	37	66.447951
24	-15	49	-25	-57.377850
5	-11	11	6	61.687063
-5	1	-23	-28	53.691214
3	47	35	-30	-97.009186
0	0	2	-41	-67.357402
7	-18	12	8	90.502640
-56	4	1	-13	-9.134190
3	38	-28	21	-49.937437
53	-23	41	38	-37.681204
37	-39	15	55	64.415418
-6	-22	31	6	-94.183172
-5	-42	-51	21	-91.228980
-7	17	-52	-8	34.098331
23	-31	6	0	63.982055
-54	10	-31	-41	72.789697
-52	-9	-38	-31	-9.256264
22	-23	11	7	83.581042
-9	-8	25	-1	-79.729606
47	9	-5	-4	74.767296
52	-8	-11	28	-20.975372
10	3	16	7	-8.926664
10	7	-43	-12	11.996826
8	-26	11	-45	83.806879
-20	-10	-1	0	70.574053
4	-13	-49	31	-35.172582
0	0	6	-7	77.507859
-1	34	39	41	60.179449
-41	15	-17	-6	-71.141697
-46	1	48	24	0.857570
-22	-43	-27	-17	73.241371
-29	-26	-4	51	59.092990
0	9	-1	0	6.900235
-28	-30	-10	0	-60.673849
-18	-1	0	-9	68.065432
1	2	42	19	-28.049562
-18	-4	-12	-45	-64.458144
7	27	-15	-4	-10.861538
32	-22	-29	37	-19.254128
-5	2	-5	-9	-88.274789
3	20	38	8	87.005219
44	20	9	-15	-84.386731
4	36	53	-19	-37.076937
5	22	-26	-14	-86.455885
29	-49	14	-38	-44.730979
-38	21	28	-27	-90.856655
47	10	0	0	-64.378796
33	-49	-26	-50	78.533280
15	0	22	34	20.218513
42	0	-6	-20	-62.901700
-38	36	-17	-3	-92.516861
-13	2	-45	-21	-20.981475
11	3	8	50	-91.039766
-11	-52	6	-44	-69.164098
21	-39	22	-5	56.346324
-39	-14	-8	19	-39.298685
-3	-4	0	-58	94.201483
-24	-11	14	22	51.890622
26	32	-18	-51	42.429884
11	-55	25	-21	1.376385
10	-16	38	-14	99.627674
31	-41	12	-5	-88.641011
10	51	41	19	-63.524277
-28	-9	-7	-2	34.299753
8	-40	17	-45	78.221992
54	4	8	29	-48.265023
-22	4	2	35	-32.010865
-53	14	31	-12	53.093051
53	-3	48	-34	-40.055544
12	-15	-24	-5	87.401959
-36	-15	-6	4	60.283212
-25	36	14	23	-6.076235
9	41	-53	8	57.579272
10	23	23	37	89.513840
19	3	-46	-17	72.722556
8	18	11	3	-97.857601
-3	-32	12	-28	34.940641
18	-2	11	-21	95.226905
-22	-11	30	20	47.392193
-26	-2	-20	-21	-50.816370
30	7	-11	5	-36.802271
23	42	54	-17	19.296854
51	12	-9	-51	47.904904
-38	7	4	-37	21.494186
44	-17	8	-2	50.511185
7	11	6	56	-61.070589
-31	-11	40	3	-74.529252
28	-3	-40	-19	80.266732
-17	14	46	4	54.222236
-6	-3	36	44	-51.377911
31	-28	18	40	-19.809565
1	0	-46	-6	60.130619
-34	-3	-36	-47	-86.938078
-31	0	-5	22	89.574877
10	-21	-21	48	-65.623951
-25	-26	22	37	-96.508683
-35	-20	-28	30	-37.784967
-6	-50	-29	0	16.714988
12	3	-22	2	-59.813227
26	-21	49	29	25.394452
0	6	29	2	-90.618610
34	-47	18	-37	-31.260109
0	21	7	32	92.504654
3	48	33	8	79.998169
-17	-12	-38	-19	67.876217
-30	48	-7	23	-58.714560
11	17	-37	31	-14.584796
5	22	28	43	29.264199
4	-6	0	0	-15.207373
-12	36	-48	15	89.465011
-26	1	-18	3	-92.388684
-17	41	-10	-7	30.814539
-18	11	3	36	50.828578
-10	25	3	-8	-7.113865
-25	23	-9	21	-51.860103
49	-16	-2	1	-31.107517
52	-22	-4	-9	-47.935423
-40	-40	19	-43	13.174841
-13	42	-15	-42	-30.198065
10	18	19	17	22.013001
19	-48	-24	-6	-7.156590
-5	2	14	-26	-42.893765
0	-27	43	3	-88.091678
16	53	-17	35	-78.246406
6	-8	-9	-9	66.899625
-13	25	9	47	-73.448897
-4	34	28	26	49.583422
-12	35	0	-2	-72.728660
-2	21	38	-1	-77.019562
9	-41	32	33	-26.712851
-38	22	-10	1	79.033784
30	-8	47	13	-47.947630
-2	-7	10	36	93.200476
-26	-16	-11	0	-84.514908
4	33	-43	11	23.551134
51	-16	2	-2	-51.268044
-30	0	0	8	50.321970
28	45	-18	-4	79.320658
-23	-3	56	-15	60.563982
29	-48	-20	-16	68.382824
25	-44	9	-1	-25.443281
-7	13	22	-9	6.881924
-38	-10	11	-18	-41.740165
23	5	46	-25	-87.926878
-3	0	-4	4	-2.041688
24	0	20	44	-80.394910
-21	-13	24	-2	30.784021
11	31	23	-3	-66.093936
-44	-26	14	55	-67.485580
55	1	42	-23	60.667745
12	53	-18	-27	-56.010620
13	-2	-37	-22	26.535844
24	-3	-56	-19	-67.253639
41	15	-18	-21	-84.057131
-55	18	-54	6	64.165166
-54	-22	-32	-7	72.954497
14	11	0	14	-37.900937
28	-3	-7	-7	16.550188
-49	-27	-13	15	-65.111240
11	25	34	-43	84.099857
4	-6	-31	-39	-83.257546
2	0	40	6	87.414167
58	11	29	-41	13.150426
-39	39	-9	2	-52.391125
23	-27	-22	-42	15.567492
-41	32	9	9	-31.431013
-22	20	0	-41	89.275796
-2	-32	8	-7	-28.940703
4	-24	-16	9	65.111240
30	25	25	39	21.579638
12	-6	-4	14	-54.289377
24	47	-26	24	58.604694
56	12	-8	-43	76.909696
18	5	2	4	-40.543840
-27	36	-21	12	-27.780999
-1	0	6	-28	-72.429579
42	-37	-1	-1	88.439589
-13	-42	16	52	60.332041
-10	-10	18	-11	-27.671133
-9	7	54	-10	47.196875
-4	48	19	-3	52.000488
-34	-26	20	0	-39.878536
-17	29	12	-41	49.369793
-21	27	21	29	57.890561
-4	0	-12	-51	9.884945
24	-22	0	22	-88.274789
9	5	1	-48	-97.466964
-20	29	-1	-12	-63.866085
-32	-27	0	-3	-74.004334
-5	-4	-33	38	34.452345
38	-25	-9	25	-75.957518
16	-17	14	-12	50.218207
-5	-3	51	-2	8.993805
-10	11	9	41	-76.708274
-16	-9	52	-4	40.043336
-28	-49	0	-2	44.615009
-9	-20	-32	-21	-36.289560
23	22	-11	0	-36.527604
18	0	-10	-2	-10.342723
9	-27	25	35	86.553545
-10	-47	10	-1	-92.162847
10	-21	-25	2	44.926298
-12	-12	-15	-24	76.305429
-14	18	-5	5	-4.367199
23	43	-26	39	63.615833
5	-39	29	-28	-18.832972
-40	-29	-32	-22	97.576830
37	28	-5	56	-64.189581
-52	0	-7	20	68.535417
-30	-20	30	-6	-38.163396
47	0	-20	15	-77.813044
0	0	-48	31	-15.665151
-52	11	5	-56	-99.420148
-5	-3	-50	-27	65.990173
-36	26	-22	32	-82.543413
23	-9	28	45	-77.196570
-2	-5	13	-5	-39.811396
-17	35	12	6	-46.629231
2	-48	-23	35	-38.169500
40	-38	45	-33	36.625263
17	-39	12	-32	24.015015
42	40	-33	-1	-25.229652
-17	4	56	14	45.866268
50	12	-1	27	-19.473861
20	34	37	-9	43.052461
11	-10	-44	34	70.403150
-53	-26	28	-40	-19.333476
47	1	-35	-45	20.114750
-2	-2	-28	44	53.575243
3	-1	33	-13	8.676412
-23	-32	53	11	-15.103610
-24	44	4	-22	-5.240028
-50	-1	-15	21	24.332408
16	2	34	-11	-29.752495
5	9	0	0	76.732688
53	-5	-18	36	-93.841365
12	-7	0	-3	11.478011
-13	19	20	-38	-15.836055
4	-55	45	17	51.853999
-6	6	-12	-40	41.703543
19	-18	-21	26	-4.403821
-29	5	-16	-16	-65.959655
-40	34	-17	42	-1.925718
-5	37	-10	-1	-42.332224
22	-26	7	-31	11.050752
-57	-10	-1	-15	16.019166
27	-20	19	29	-0.888089
0	1	-22	35	80.852687
1	31	-3	3	31.858272
-14	-21	52	-13	71.288186
-17	-6	11	-16	80.968657
-7	33	19	4	-62.578204
-3	7	-12	-9	27.780999
15	-2	-12	19	91.656240
-4	-25	-53	21	44.633320
33	12	14	-43	53.758354
-13	-8	-21	-55	-23.764763
-7	0	-26	-53	44.395276
35	26	25	-17	-87.096774
5	9	-38	38	-47.752312
30	-37	0	4	-85.894345
-1	25	-43	4	-52.079836
10	-1	-6	17	-62.309641
-1	9	5	39	-0.747703
-51	-22	23	33	56.981109
18	43	-21	-4	-29.160436
31	16	-14	53	-71.587268
-13	-53	-56	8	53.685110
17	-26	37	1	-7.168798
11	-39	-30	-26	50.492874
18	-27	17	27	-36.802271
39	-45	17	-3	-55.339213
25	21	11	44	66.051210
41	-39	26	4	-9.054842
-44	0	26	-35	-77.263710
17	-1	-33	4	-40.092166
0	0	-18	-1	23.111667
23	-6	0	-57	-17.697684
-9	15	4	22	76.415296
-19	26	-15	-2	33.219398
22	-48	8	11	-51.927244
20	12	-14	6	-93.902402
27	23	47	-20	-82.073428
-37	-7	0	2	-23.313089
-54	-14	39	-38	-49.382000
-8	-3	-11	-45	76.970733
-25	41	-19	13	-24.094363
5	7	-7	0	-28.379162
-7	2	1	-36	-9.579760
-44	-25	-2	-31	-98.480178
-1	-10	0	0	-95.812860
0	-11	-3	-49	-62.443922
18	-7	-24	22	61.314737
11	-43	-26	23	-7.791375
-50	24	-36	11	-87.725455
-1	6	8	29	-4.959258
-48	35	6	36	28.794214
17	5	12	-12	69.762261
-43	3	1	1	49.644459
16	-26	-52	28	64.421522
-1	-34	-18	24	-26.310007
-20	-12	18	-36	-10.898160
-1	5	5	-27	-88.604389
19	46	39	38	-43.491928
16	-45	6	-3	76.024659
-47	-18	0	1	-12.613300
-31	26	8	-22	5.191198
0	-2	-26	-30	53.239540
19	49	-32	38	38.273263
-19	-56	17	-24	-30.082095
-38	45	-35	-41	54.045228
-14	-19	-12	22	85.961486
33	0	30	-32	-89.135411
-33	41	0	4	-54.655599
33	-14	1	0	38.694418
23	-44	-31	-43	-42.454299
-33	-27	57	13	38.212226
-18	8	42	-31	-46.684164
-22	26	-48	-28	5.246132
22	2	-2	-11	27.988525
-34	-16	17	-38	65.105136
24	-15	-7	-13	-62.163152
-8	43	-30	5	46.195868
9	20	-1	6	42.332224
37	-46	-34	-9	-24.326304
-2	4	23	-33	54.435865
0	0	-19	15	-33.115635
-36	41	33	41	-98.553423
28	9	-39	-26	-58.561968
1	2	12	35	-60.655538
-12	-36	-27	-39	-9.561449
-30	-5	-10	-11	4.886013
-36	37	26	31	70.787683
13	-6	-20	-12	75.951415
-7	-36	-21	-11	-21.048616
-23	-8	-49	2	-60.087893
9	-37	15	-40	43.156224
14	37	2	45	-8.621479
30	0	-26	49	-25.284585
3	13	-40	2	-74.431593
-42	26	-21	-27	25.333415
-7	-9	6	53	36.973174
12	0	1	-16	20.120853
4	0	-26	-53	-15.897092
5	-53	-9	5	-7.943968
-30	-7	-4	43	47.502060
-6	6	5	47	-10.824915
-2	0	21	29	82.116153
9	6	54	-8	-26.157414
0	-2	54	-16	84.276864
10	-22	9	-40	-71.672720
-11	2	-13	-23	49.443037
-46	-33	0	16	-77.623829
-27	4	6	-48	-96.850490
1	0	39	-5	-10.159612
0	1	-13	57	81.975768
1	-34	27	31	-57.365642
-20	5	-32	21	25.876644
37	8	-25	-19	-2.835170
21	-10	-41	9	77.355266
-6	11	38	-8	84.051027
26	7	0	5	-41.611988
-6	4	32	42	15.268410
24	8	-41	9	-54.826502
-13	4	2	-21	-31.516465
-20	9	-36	-14	-69.420454
13	52	-16	42	53.569140
42	2	-29	-1	74.236274
0	0	-44	-1	87.707144
37	-26	25	37	-39.884640
50	7	44	-15	-99.914548
31	-28	-28	-5	-62.419507
0	9	-5	-11	85.705130
-27	16	-2	-10	17.642750
-14	-28	-2	0	-96.209601
-28	-3	9	-7	-88.781396
52	20	-10	-27	83.306375
-41	7	26	5	-30.637532
-7	-41	-1	-3	-43.662832
29	9	-7	35	-72.490616
-25	2	-23	26	22.208319
11	9	-26	-23	85.198523
27	-7	-4	-19	-61.949522
-25	-11	-17	-39	96.673482
36	-5	22	-13	-68.694113
15	-23	-26	-47	-81.188391
4	-13	36	39	56.578265
16	-9	6	-1	-56.407361
3	6	-26	-51	21.817682
22	1	-29	-14	4.214606
40	2	9	17	-65.721610
48	2	21	21	23.758660
37	-3	0	-49	-47.068697
-6	23	-13	0	51.835688
8	20	-41	26	88.891263
50	-30	12	-58	-25.333415
23	4	-2	-27	52.690207
14	-13	-14	1	63.658559
-1	24	-34	-17	-49.516282
0	-8	-7	31	32.316050
9	-10	11	0	-23.191015
7	-7	-15	-9	-46.641438
-18	2	6	-56	-24.222541
-5	-5	21	-39	79.949339
56	19	3	16	99.389630
47	-31	-5	3	98.321482
31	-1	-6	1	-36.307871
10	-41	35	-9	82.354198
5	-42	12	-5	82.311472
17	33	4	-10	-70.751061
-6	-3	35	-12	93.505661
-41	-21	50	25	-6.430250
5	-40	-4	-57	15.543077
-2	-51	-28	-6	-53.569140
-42	-23	46	12	-58.098086
2	0	-24	40	76.909696
0	54	14	-54	52.909940
-31	-35	-7	1	-58.745079
-34	-23	18	-15	29.795221
13	-57	-57	-12	24.137089
-29	0	9	11	35.544908
-10	-23	10	-54	50.926237
37	32	11	0	-13.528855
-41	19	5	39	74.565874
3	-6	36	-21	80.126347
-4	9	-13	-52	-18.033387
-50	25	30	28	-9.378338
-36	-27	42	2	-64.488662
-4	-28	42	34	-57.652516
36	20	5	2	-91.619617
-32	-25	-20	-2	-92.358165
0	37	0	5	-60.716575
27	3	-22	26	-81.530198
-11	-12	-35	-38	-2.066103
25	23	-3	-27	-92.815943
12	38	-21	31	81.402020
-8	-8	18	49	-93.591113
-36	36	26	8	-28.885769
-21	3	-18	-19	13.467818
-29	-14	13	31	-37.107456
-4	22	4	-59	48.033082
2	-1	-4	7	62.547685
24	54	-42	2	-57.774590
-50	8	-42	-36	-86.266671
47	-10	27	6	-8.731346
58	0	0	-22	-38.279366
4	13	-13	-3	1.058992
-6	2	-10	14	63.512070
-37	20	-56	4	55.485702
51	20	28	-14	-23.038423
26	28	11	-7	-75.518052
-5	39	14	58	-44.621113
14	29	9	7	-93.060091
-22	46	-35	46	-49.992370
45	17	-2	-7	50.547807
-23	-39	37	17	-95.794549
-1	1	0	-29	24.588763
-30	8	-11	2	-57.567064
4	58	16	-7	97.143468
2	-8	48	-5	-58.159124
8	-46	-59	3	99.114963
-9	-50	9	-12	39.860225
-37	-1	15	-24	-10.055849
54	-5	40	-12	-12.253182
0	0	12	-26	17.514573
4	11	27	-19	-42.698447
-22	52	-1	0	70.903653
11	-14	25	16	-51.860103
-40	-22	-42	-41	-54.667806
-48	-7	-9	-21	-18.015076
28	-4	43	2	-84.344005
-12	-9	-19	-8	92.327647
-15	54	-6	3	-73.174230
-11	20	5	5	12.137211
50	27	4	-2	38.639485
-21	-6	6	-8	63.078707
-2	-7	14	27	-16.519669
-2	19	-41	37	31.260109
31	-28	-1	6	43.168432
38	-38	-4	-39	65.819269
10	9	3	-26	-34.830775
-20	-10	30	-16	-77.416303
-35	16	6	55	43.015839
-2	30	-4	13	-1.962340
-8	-14	-1	42	-34.849086
-48	26	19	-8	-18.845180
0	12	-32	29	35.074923
-2	14	-35	10	-99.383526
1	-5	-39	-2	3.115940
30	-25	-55	14	79.888302
-23	-20	9	40	96.258431
30	-4	24	-13	51.371807
-23	0	0	4	25.022126
-18	0	15	28	87.725455
-8	17	38	-22	86.327708
36	-14	5	-18	-64.110233
39	20	34	-21	94.506668
50	18	47	-5	-66.539506
-15	-25	-18	1	-16.428114
-4	-3	-36	-13	22.647786
34	17	20	-21	-58.403272
12	8	-7	2	-74.297311
-11	30	-18	-39	74.919889
5	-47	-3	33	-73.796808
-10	-53	7	1	37.150182
21	-25	44	-28	23.349712
-18	9	13	7	36.295663
-22	5	-16	2	-4.861599
-10	-15	32	2	55.357524
29	-36	-19	-16	-10.580767
9	18	-16	-1	70.574053
-16	-28	21	-15	94.769127
-21	4	23	42	42.106388
5	-6	19	-5	-90.734581
-19	-46	10	-4	-97.271645
-2	2	-5	11	66.838588
-28	13	-41	1	77.471236
-8	-51	-36	-7	55.595569
-28	36	4	-19	-6.711020
-5	58	-2	18	5.673391
8	-12	31	-7	69.963683
-31	14	50	4	-32.340464
15	39	-17	-52	62.840663
40	-7	19	-2	58.067568
-16	-45	-33	5	-13.309122
-17	42	-25	28	-8.810694
-28	-10	50	0	-86.791589
28	41	14	-47	87.548448
-42	-29	1	-6	72.643208
30	-16	-15	12	99.542222
7	-19	-42	17	9.378338
-15	52	37	-36	79.076510
7	-28	-27	16	-48.051393
-1	-7	-43	16	61.735893
-28	-8	-32	20	81.005280
10	-2	37	22	-42.765587
-4	-6	-32	-31	-57.023835
-17	-38	14	18	14.291818
32	-30	-52	9	89.355144
-29	-36	7	-28	78.612629
-7	-13	11	-18	79.491562
-46	2	-3	28	-19.504379
-12	-11	-1	3	-25.351726
6	-1	0	39	98.699911
2	15	-5	-50	34.842982
-3	-11	-17	-13	81.273843
1	-10	-30	23	-40.531632
8	-4	-29	36	93.084506
-17	-20	38	-3	-81.774346
33	-10	-39	3	-31.565294
1	1	43	-37	98.510697
1	2	-15	11	-55.021821
9	-20	4	-5	15.634632
-14	-6	-53	27	9.268471
12	-29	-33	5	30.729087
-26	-46	27	33	-22.238838
-45	37	-39	11	25.443281
1	0	-14	-28	53.971984
4	9	-51	-5	-18.759728
13	-56	-8	-9	65.221107
2	-25	-42	23	1.626637
5	8	3	17	33.793146
31	42	-4	9	27.506333
-5	-29	-8	-4	39.408551
0	11	15	26	-36.826685
5	-8	9	-41	77.019562
-4	-5	-40	-43	91.375469
0	0	17	-22	-76.708274
7	17	48	8	46.574297
-8	27	1	-42	-2.059999
-32	28	-5	44	-35.135960
-45	0	-2	-34	-55.400250
-18	-41	29	9	-62.669759
24	-3	-29	-49	15.396588
-2	43	16	34	-7.437361
-22	-5	8	24	-37.064730
-9	22	-15	-54	72.295297
-27	17	-18	-35	-28.885769
17	10	-12	25	-7.303079
47	-6	-12	-16	32.212287
-6	10	-13	-19	40.903958
38	-15	25	36	-31.907102
-5	-18	-30	-34	-65.746025
-18	-43	54	0	-78.991058
23	6	24	4	-72.490616
-18	-14	5	-5	-39.896847
35	24	-30	-31	-56.779687
-4	-6	-21	-30	15.726188
15	17	38	15	62.755211
16	-42	-1	-10	-60.356456
0	-2	-11	0	51.536607
-9	-35	32	34	-42.490921
-7	-2	8	-36	28.714866
-58	12	10	-54	60.710471
-8	-2	-15	-10	-42.338328
26	13	38	19	34.623249
-7	0	9	1	8.218635
-35	-45	-14	-28	63.377789
53	-7	8	32	73.436689
-32	-49	15	34	-47.776727
-22	-19	-26	-21	54.966887
-32	32	-30	45	-17.874691
18	39	-1	8	-37.595752
31	-2	-17	-2	25.778985
52	1	6	-19	54.991302
-41	-6	30	-23	28.482925
-22	9	42	30	48.905911
-25	34	1	48	-27.976318
-2	-6	-9	18	99.145482
7	0	0	7	-74.767296
-13	31	4	-17	11.929685
-2	-36	1	-35	-25.998718
24	39	29	-30	59.031953
22	1	-7	-27	-11.490219
-5	4	-28	3	-85.882138
1	59	-28	50	38.309885
58	-8	-16	16	-58.641316
25	26	-16	29	43.693350
-7	-8	48	21	19.083224
18	-42	-2	-39	-71.330912
7	49	19	-40	-96.014283
6	5	-3	-31	13.547166
4	54	-18	34	90.868862
-15	-8	11	-24	93.127232
11	-8	-2	-49	-64.738914
-5	5	-6	45	66.008484
-2	31	-43	-26	1.809748
23	-9	-16	6	84.081545
24	-23	0	0	38.401440
8	-13	-8	-11	70.378735
-14	16	0	-3	39.152196
-4	7	-6	17	36.533708
-43	18	1	-2	-89.660329
-43	38	2	26	-17.569506
-18	1	-13	28	79.351176
-2	-39	-36	-24	-68.529313
-33	-23	10	42	-41.196936
-5	20	-9	16	98.522904
26	50	19	-31	-30.857265
-10	-54	0	0	76.097903
16	-45	38	38	87.151708
26	15	-53	11	-19.186987
-51	-24	-7	6	70.891446
12	14	-8	37	-89.110996
-32	-40	-10	-44	-74.132511
-3	23	12	-28	-24.124882
-49	16	-6	-5	28.104495
-26	44	23	-10	25.144200
0	9	-51	5	-79.998169
21	-27	-45	-10	98.565630
33	-25	19	-16	22.000793
7	-8	48	25	21.744438
0	1	31	-5	13.406781
19	17	-5	0	-13.223670
12	3	-33	-20	-93.127232
7	2	-47	-13	12.137211
-7	33	-8	4	31.876583
-3	9	-10	8	95.324564
-30	-48	-8	4	45.530564
-26	-25	13	-32	-44.138920
30	46	14	44	-67.491684
54	-8	-1	-20	-90.789514
-49	-17	1	8	-2.285836
-50	15	-24	12	45.445112
54	-15	-11	20	2.139348
30	-15	9	-36	6.112857
0	0	-30	-3	41.361736
-10	-50	-11	-35	-12.808618
-38	10	24	15	17.630543
19	-53	-41	35	-62.883389
44	21	-16	8	34.488968
1	-49	-15	0	-98.834193
-11	-28	6	36	-25.534837
4	41	-20	-34	43.833735
-16	51	-3	39	49.198889
-9	-6	-5	58	-41.966002
0	0	-56	-11	74.553667
18	30	15	0	74.657430
-14	-23	-6	34	74.565874
3	21	-18	-5	-17.050691
1	-17	-25	40	94.994964
1	0	-18	45	96.484268
-40	32	53	-21	45.725883
-49	15	-12	-56	-32.053591
-4	2	-42	-12	-26.371044
12	14	-27	-42	57.518235
-46	-37	-26	-31	-60.039064
-6	37	23	55	89.202551
-37	-39	-23	44	-90.551469
-14	53	-1	-9	-68.816187
28	47	13	-20	56.657613
-23	11	-10	-18	-37.913144
5	14	10	-8	-69.841609
-13	26	-8	-33	-75.737785
-14	52	47	-17	93.292032
37	20	5	16	-88.457900
-3	-6	-12	-4	89.648122
2	21	0	-36	17.307047
-40	39	0	-16	-73.351238
-39	-23	19	41	-47.160253
24	17	-16	14	6.497391
44	9	33	47	-62.236396
41	-38	-18	12	-31.754509
-3	3	-1	-2	-50.511185
-1	0	5	13	-88.232063
44	-36	18	3	57.097079
-30	-9	47	9	-15.512558
-11	44	11	-44	-41.264077
50	-32	24	-32	4.745628
3	-46	36	32	52.610858
-26	26	28	-20	-87.713248
-22	30	24	-13	-86.059145
-33	40	32	-42	-94.537187
-13	-6	-46	1	84.966582
-20	-10	-7	3	-38.566240
-47	12	9	3	30.924406
0	10	-10	34	-49.089022
-24	13	10	-11	-22.989593
4	-12	-23	-10	91.723380
-6	-34	10	-33	-83.892331
-9	-11	9	0	79.241310
-13	-2	-28	-52	79.644154
-4	3	-3	-17	87.383648
26	7	7	10	-10.708945
-14	56	-12	-34	-61.601611
16	-31	3	26	2.279733
6	28	4	-14	-39.890744
-8	7	14	13	-26.480911
-36	47	-26	39	61.784722
-12	15	-7	0	33.982360
-14	-41	-1	-24	97.845393
0	-3	21	35	24.198126
-10	-45	2	21	89.342936
-38	-43	-14	41	19.333476
-49	2	31	8	83.764153
14	25	-6	-1	41.270180
33	-19	38	37	-58.537553
4	-52	59	6	-90.197455
-22	12	-15	-32	-62.376782
-8	36	-4	41	-99.218726
-27	0	24	52	-66.350291
7	-55	-10	0	-93.102817
56	19	-33	0	49.076815
11	28	54	-14	98.040712
32	-5	-53	25	-41.434980
-9	-49	46	-23	13.791314
6	-9	21	53	54.814295
40	-10	-10	-21	-55.528428
12	4	50	-13	87.115085
20	46	25	3	77.550584
-2	49	21	-19	-98.467971
27	-13	41	-2	-5.325480
-8	-42	-9	-9	99.871822
-21	-42	-36	15	65.428632
0	6	14	8	82.921842
-40	-43	15	13	82.476272
-48	-3	-5	-1	99.975585
-10	-6	35	34	50.596637
8	-11	47	-12	52.555925
19	-21	-17	-2	-7.748650
-7	12	-5	-2	55.619984
-21	-35	36	0	60.411390
-1	0	-36	-4	-13.089389
-22	48	-32	9	39.396344
-39	-38	-4	10	2.310251
-8	-38	-10	-38	95.825068
-9	3	2	59	1.498459
-5	-50	-10	-27	-73.900571
42	-4	7	-49	13.699759
53	1	0	2	75.829340
1	24	16	53	-67.851802
10	21	0	0	40.208136
5	-1	9	-2	-26.255074
22	-34	-24	5	54.893643
45	-34	-59	7	-25.650807
3	7	-10	47	76.482437
10	26	-25	-6	28.623310
52	17	-20	49	-25.479904
22	-6	-46	5	33.463546
-16	23	-26	-33	60.075686
39	16	27	18	-44.267098
19	27	-33	-41	-54.881436
-34	0	9	11	37.943663
-17	-23	-20	-45	-17.307047
-23	9	23	20	-13.675344
11	3	54	20	-77.703177
-6	15	20	47	98.352000
-50	21	4	-1	18.027284
29	-45	-13	0	74.773400
-19	-26	20	-39	-1.785333
-13	-21	-25	2	-9.530931
-29	-5	19	-36	8.346812
0	-32	-28	-1	-76.775414
38	27	-14	-44	12.356944
0	-8	-40	26	74.687948
-7	-13	-4	2	22.891934
46	-16	0	14	96.154668
-28	8	27	13	28.922391
2	5	-39	24	-44.401379
8	1	-16	-41	-79.448836
38	43	-1	-7	-30.381176
24	53	13	11	-29.209265
-25	40	-22	-33	44.511246
37	-31	-38	7	-79.113132
-9	-7	-4	-53	51.072726
-1	27	-6	-46	-6.320383
42	-8	-45	-17	-41.184729
-39	26	-15	50	-41.196936
1	8	-35	42	98.565630
-22	4	-50	24	-76.775414
2	-4	-42	39	27.140110
1	15	-42	-10	-4.519791
-3	12	-45	16	-26.377148
1	-34	-16	35	-58.909879
27	43	3	-31	97.363201
13	-19	-28	-38	19.113742
11	-37	-8	-54	74.462111
-34	13	-5	-55	98.236030
-32	8	30	45	81.243324
-45	-13	-34	-4	-1.565600
-23	40	40	0	-45.774712
43	22	54	4	-34.232612
-4	0	-32	32	53.715629
5	-40	-41	-25	-14.743492
-55	-22	-11	-29	-72.081668
15	17	22	7	-47.721793
-8	32	7	-3	24.582659
-27	-51	-39	-35	44.541765
24	17	-8	-19	-67.101047
10	22	29	-48	83.465072
-4	-6	-4	-51	-64.592425
2	11	13	55	-32.920316
28	-15	-51	4	92.736595
4	-56	-7	-10	58.702353
-34	-1	46	-14	53.910947
25	9	9	25	-44.981231
-27	-35	-2	0	7.620472
-19	3	-19	6	34.171575
20	-30	24	-27	-81.194494
4	16	35	42	-9.244057
-18	7	1	5	-76.891385
-3	-12	34	-36	-48.735008
15	-27	12	28	42.643513
-33	-30	-5	-5	-68.608661
34	18	-33	-10	-45.817438
20	15	-40	27	27.158422
14	23	9	1	-18.106632
-18	13	24	3	55.363628
29	8	37	-12	42.649617
-23	-38	-2	1	-72.350230
-25	-20	-1	-24	-0.094607
-2	-24	8	12	80.413221
5	-57	10	1	16.092410
-2	-5	-12	-15	28.061769
-23	-25	33	35	89.544359
-8	-51	23	-28	73.491623
-28	-8	-24	-38	7.480087
-2	0	24	17	59.990234
21	-25	-43	29	44.114505
-2	-3	17	21	-92.681661
-20	-49	-22	-50	30.527665
-10	-7	2	26	95.672475
12	8	51	-30	91.613514
-37	-3	-20	2	-52.073733
22	-10	24	5	92.773217
56	-5	-14	-16	83.117161
0	-55	13	3	-18.424024
-17	9	20	21	52.494888
-4	52	27	48	-3.628651
-9	0	-37	-28	71.013520
-25	-43	1	2	-70.891446
33	0	-39	7	80.028687
20	26	-6	-3	-43.528550
30	-32	-48	5	-99.542222
-18	-40	-31	-15	-50.572222
11	-12	-33	-14	-44.053468
-4	-7	34	21	1.345866
23	-24	42	11	22.067934
-2	8	-1	18	-22.519608
-32	-20	1	3	-50.718711
-7	-7	0	-10	96.795557
4	-5	10	-36	-0.485244
40	-28	34	33	-5.288858
23	-7	33	40	90.411084
7	-11	-28	6	-85.967589
2	-20	-11	0	86.736656
-33	-13	56	-9	44.840846
-8	-43	-9	-20	-95.733512
-10	52	-36	-10	3.872799
28	-49	2	27	-38.401440
-45	34	1	4	-33.732109
38	-3	26	-16	64.348277
4	-55	-29	-36	8.651997
46	0	-25	-50	-67.577136
-6	51	-9	22	-92.559587
0	0	-21	-42	-46.049379
-22	19	11	4	-25.467696
23	46	17	31	43.534654
-7	40	10	13	-8.688620
4	-2	24	-42	-47.129734
10	-20	29	-42	89.599292
20	1	34	-1	19.370098
-17	18	-18	3	35.752434
-29	26	46	37	-51.219214
-33	46	0	-6	-80.761132
30	17	-6	-43	-99.566637
-4	26	27	29	-11.142308
-14	-5	38	-37	74.974822
-10	-9	-10	-29	29.929502
18	-21	-14	-15	81.072420
-14	-29	-34	-11	-36.991485
-16	-49	-32	-18	-73.876156
-35	-29	-13	35	27.549059
-7	-6	-20	-4	65.013581
22	9	-9	-13	4.403821
8	2	3	18	-4.934843
-26	-4	4	28	-78.258614
12	-11	-34	12	23.264260
5	5	14	5	95.788446
-42	-25	-7	0	51.176489
-33	-21	1	57	6.552324
-15	55	15	-7	17.325358
32	6	-1	-1	-33.957945
23	-3	44	-14	74.083682
43	-20	-1	0	65.495773
28	-7	8	28	90.801721
-6	-12	9	27	8.688620
-33	44	-3	11	-19.864498
-39	41	4	-4	-81.829279
0	8	15	0	5.459761
2	12	-8	43	42.991424
25	-9	32	2	5.105747
-8	8	-41	26	36.191900
-31	30	-39	2	63.902707
-6	24	52	6	-54.716636
51	-7	33	12	-40.275277
-38	6	21	32	-18.454543
-26	-14	12	15	-81.780450
12	-9	22	-42	42.838832
40	2	-11	-18	-45.536668
-7	15	2	-6	68.053224
-14	10	-27	39	64.293344
-32	26	0	-1	25.479904
13	-18	23	-23	27.994629
-57	-15	25	-11	75.707266
-25	-27	41	-33	40.873440
-1	0	-31	13	-21.018097
-33	20	-7	0	7.473983
-23	23	36	38	-8.328501
0	-25	-11	-31	-68.511002
-14	-10	-46	-16	-24.210334
-11	-2	42	20	-10.629597
-15	1	-7	11	86.120182
-10	-54	-14	1	6.314280
-31	31	-17	-52	74.742882
-19	-49	9	9	-23.770867
26	6	-2	17	-10.531938
9	10	-50	-28	-44.590594
17	-4	-3	9	35.331278
-7	-35	5	-41	7.480087
-21	-19	22	-49	-6.540117
53	0	25	40	10.934782
47	0	24	-17	-16.684469
38	-22	46	14	-77.568896
49	26	5	-33	-25.022126
10	44	19	8	6.228828
-19	53	5	13	43.150121
17	-20	1	6	-28.635517
-10	-2	-34	21	27.634510
7	-15	-3	-6	-99.407941
8	-8	-12	-24	34.965056
-17	50	-54	2	45.945616
0	-2	-40	-21	78.655354
-15	-23	-32	-44	-11.136204
5	-32	-27	41	85.790582
4	-39	34	4	-1.937925
-20	5	-6	3	-33.896908
7	-19	20	-2	-93.261513
22	-3	-41	-26	88.116092
-14	53	10	34	-66.020692
50	29	-18	-54	57.768487
15	7	25	-43	-95.440535
20	-36	20	-27	-34.488968
-26	1	-13	-40	35.233619
9	-1	-29	15	92.584002
5	-4	-40	8	-76.836451
36	5	29	1	-48.313852
36	-37	-31	29	49.308756
27	-8	10	6	-57.133702
29	7	-8	9	14.194159
-47	-34	16	-20	98.730430
1	-28	-7	16	-90.758995
23	34	-9	-10	45.219275
33	-10	0	32	1.852474
21	32	-47	5	84.423353
-17	23	11	20	-93.066195
17	41	36	7	-48.747215
-6	21	-40	-27	13.541063
0	0	30	-30	-46.751305
-10	47	-10	-7	84.276864
-7	-49	-18	-14	-27.243873
-10	-6	8	3	-0.888089
35	10	39	37	25.473800
-41	18	-25	12	93.823054
4	-30	-25	11	-71.727653
-20	-17	46	-33	-4.910428
-12	-29	-4	-13	45.939512
-14	-5	-9	-8	74.706259
-19	36	1	4	-31.064791
2	-21	4	0	12.222663
-26	30	30	-33	80.254524
-19	20	3	-18	-32.529679
22	11	-26	-12	36.405530
-12	-12	-26	27	76.140629
21	-23	33	-34	-93.438520
-41	27	3	8	-75.981933
20	-1	-24	41	81.914731
23	-10	5	36	84.600360
1	5	7	-22	87.829218
0	0	-7	-14	-92.260506
7	17	-28	13	68.999298
-15	8	11	-1	91.601306
6	1	-34	6	12.582781
-2	45	12	-24	-60.277108
-24	-6	-14	18	55.937376
-36	-7	19	-18	26.920377
-39	-26	40	-13	92.529069
40	27	17	-5	35.837886
20	6	-19	42	-75.225074
27	-34	-6	-12	70.793786
28	-7	25	-21	-44.413587
-1	-16	21	14	-40.824610
2	-1	-13	52	-93.786431
9	2	17	-33	81.566820
-15	49	-2	1	52.928251
-27	-11	7	0	21.341594
0	19	26	43	38.041322
2	-49	-21	14	4.550310
-44	-34	18	-8	12.118900
-17	56	-16	13	80.114139
35	0	-25	-42	-66.545610
53	10	-4	8	-21.683401
-9	-8	3	20	-9.335612
13	39	-33	23	-10.751671
15	10	31	-25	50.035096
19	-20	-13	31	-79.155858
12	24	27	10	10.782189
-9	-23	10	9	2.182073
-22	3	25	50	91.656240
4	12	-4	-29	79.772332
-5	13	-43	-24	84.575945
-1	6	-6	3	57.298502
-14	-40	25	-11	82.653279
-40	-41	-26	-8	-88.933988
-11	42	-5	26	74.547563
33	-9	0	43	-33.402509
8	24	3	11	52.763451
42	8	0	-6	-10.635701
-8	54	-15	-12	30.716880
-34	-33	3	11	-58.378857
-12	25	1	-28	85.906552
15	32	-32	33	52.037111
-33	-1	16	-6	-75.859859
10	14	-25	-49	-29.807428
44	-34	21	35	-10.061953
-10	-51	-27	14	-30.777917
-15	-45	18	-48	-68.742943
5	6	-8	-7	41.215247
24	-1	12	-49	-11.795404
-20	14	0	44	-72.521134
-23	23	-4	3	-60.289315
43	-30	13	34	63.676870
-1	34	10	11	-65.141758
-39	-1	-44	18	-76.879177
-9	-15	35	40	-64.012574
35	2	2	-3	-14.658040
-45	-13	-22	51	-28.250984
4	0	-7	-20	-78.002258
-2	-16	-1	6	-46.891690
10	-50	-1	-18	-60.582293
-25	-38	11	-17	-10.122990
34	11	0	35	83.989990
0	-22	-24	41	3.787347
55	2	8	-14	44.309824
-31	30	-32	-7	70.146794
25	20	-8	5	79.345073
5	0	-8	15	48.100223
-29	-9	15	-16	91.729484
-11	-2	29	-22	89.104892
45	22	2	54	99.322489
-37	-6	16	-4	-2.371288
-44	-19	-40	-15	-41.099277
3	-55	56	-10	-66.112247
20	-27	15	21	2.810755
24	52	8	0	5.447554
31	-31	26	-32	-22.299875
-42	10	6	53	75.981933
13	-7	-26	31	23.416852
46	3	7	-52	-84.398938
-15	16	37	17	87.890255
-17	1	13	19	-88.427381
-10	-10	36	29	-15.445418
-3	18	-57	-14	44.322031
0	0	38	36	30.216376
-34	44	-2	-23	-93.975646
17	48	5	-1	95.019379
50	-15	-9	11	-73.247475
-19	19	55	3	-49.626148
-22	-36	14	50	-98.278756
-2	-42	10	28	-40.787988
41	-22	-20	32	-24.137089
29	-41	17	2	64.818262
16	10	3	-51	14.084292
13	-8	-9	-8	-44.969024
28	36	14	-2	-56.730857
9	-4	1	14	57.084872
-19	0	7	-29	72.661519
35	44	16	27	-12.399670
-5	-13	4	-48	98.162786
8	52	0	-4	-1.968444
-3	-15	41	-26	-67.552721
12	25	16	-43	57.512131
29	-19	-22	-38	-23.398541
47	-23	26	-16	-56.865139
9	24	16	-15	-83.391827
-1	-31	9	33	8.835108
5	-6	-48	-28	-99.182104
-8	15	-17	0	-19.693594
0	-36	4	5	-6.192206
50	-2	-10	35	-43.180639
38	-29	0	-13	15.250099
0	11	37	13	-75.023652
-24	-1	26	26	-72.472304
-26	-43	21	11	-90.746788
-20	23	20	1	36.130863
-16	-47	-35	-38	-56.309702
0	23	-23	-15	-95.513779
-19	47	19	-5	-37.784967
-27	-21	-15	14	-44.212165
9	43	-19	-55	-50.718711
53	-13	-22	23	38.029115
15	38	-7	27	70.958586
-27	-29	-29	-24	47.227393
-32	-34	21	-7	35.599841
37	-13	8	38	-71.507920
41	-8	-44	0	83.892331
-10	10	19	35	1.895199
-9	-3	-57	-8	10.556352
50	22	-8	17	-68.272958
23	-5	11	-8	24.747459
27	19	21	-40	-30.259102
-6	-1	15	27	35.251930
-27	27	20	10	-19.846187
15	5	-28	39	-4.562517
-5	5	14	-31	-22.544023
9	40	16	-11	-2.981658
9	-15	-42	23	-55.754265
23	-21	-15	-25	35.764641
0	0	0	-50	-39.091159
3	-53	-51	12	84.014405
0	8	5	-36	66.472365
-44	8	-51	-22	49.851985
47	9	28	-8	-26.499222
0	1	38	-26	-97.936949
-33	18	12	-2	68.559832
-12	-42	41	-36	1.535081
-35	-11	-8	-23	40.879543
12	1	21	-10	-29.923399
2	-54	-2	-5	-94.323557
-13	-40	-25	42	82.750938
11	23	-43	7	-62.157048
39	-1	-26	19	-95.355083
45	-4	2	-11	9.573656
4	0	-35	-8	-87.517930
0	-1	28	32	63.579211
0	11	-16	30	80.913724
-15	36	12	-1	86.169012
11	-16	-24	25	-70.195624
-7	-13	-31	35	68.779565
-20	7	0	42	23.984497
-3	51	23	51	89.782403
10	-50	-32	34	76.580096
37	-9	7	-23	93.072298
-45	9	1	5	64.848781
-24	-12	-17	53	-33.634449
18	46	13	14	83.928953
-24	-16	0	0	-35.856197
12	9	6	-4	-86.565752
-34	43	-22	-5	38.108463
26	50	40	33	-11.807611
-4	10	49	1	-9.732353
45	16	-46	26	21.256142
21	24	40	-22	43.498032
-14	26	-7	-5	29.538865
-9	-53	-2	-7	-24.143193
38	-1	-11	21	-15.732292
-50	14	-11	9	91.698965
27	-53	-1	-2	-9.927671
-17	-52	56	11	-32.468642
11	-34	-48	-29	-51.261940
4	-10	25	-40	-23.227638
1	10	-15	-54	20.126957
-5	2	-22	-37	16.067995
39	33	-27	48	-36.588641
-2	11	12	16	-60.344249
3	-22	11	7	-52.848903
-23	-18	15	9	-55.931272
1	-24	-45	-29	-30.600909
-9	41	-7	7	-44.779809
19	-48	53	10	70.830409
1	-35	34	-42	-3.994873
39	33	-25	-10	87.743767
-2	-5	19	-6	6.393628
0	-6	-9	12	-85.259560
-17	-45	37	-26	-89.324625
30	-37	-52	26	-15.958129
-5	58	-41	-3	-73.149815
7	14	44	-28	-63.744011
-9	6	36	0	45.097201
0	-1	-26	25	30.777917
0	-1	10	18	-80.492569
32	9	-6	-49	-49.565111
-12	10	2	1	55.259865
-11	31	3	7	22.952971
15	-6	0	38	6.283761
50	-24	55	3	-70.567949
-24	-8	-15	-6	-43.034150
-21	0	-8	17	-83.074435
-21	35	-2	-24	-37.705618
3	37	-11	5	25.290689
7	11	19	15	31.192969
-17	-16	8	-44	-27.628407
39	-8	4	4	41.172521
-44	5	3	-13	8.096561
-8	-21	-8	-31	-47.911008
3	-8	-24	18	-5.630665
32	8	29	7	-89.825129
-39	-21	18	20	-41.850032
-12	-17	-41	-6	-20.737327
27	16	7	-3	-31.803339
-35	-13	0	11	49.925230
52	-17	-20	-10	92.773217
37	0	-18	-23	-80.834376
-1	-24	-2	-29	6.259346
-12	4	-23	36	41.245766
-5	1	23	-10	-2.426222
24	-21	33	-41	-83.721427
-27	11	3	-4	30.320139
-16	-7	8	-8	17.532884
0	24	-36	19	2.688681
1	-22	-37	-28	98.382519
30	29	-1	11	8.133183
-7	-21	48	-14	18.454543
-19	39	45	-38	-2.542192
23	-16	-28	-31	92.846461
12	-27	11	52	70.177313
21	-50	1	3	-78.221992
-25	6	32	31	74.480422
-1	-8	49	19	88.738670
6	-16	53	23	-9.933775
23	-9	23	-10	52.970977
18	-8	35	14	31.376080
-1	-1	-6	16	77.898495
-13	-2	-16	14	-65.453047
12	51	31	-6	65.184484
54	-23	-7	9	-97.271645
6	12	25	21	70.647298
29	-9	-10	54	-97.564623
-3	-1	41	3	-13.492233
15	-5	41	13	19.412824
2	0	-15	-7	-26.511429
20	35	10	26	-90.649129
38	3	-44	-6	52.610858
17	1	-18	-6	34.043397
5	5	9	33	27.359844
20	18	-2	-26	-62.565996
5	46	-26	-48	12.369152
18	41	-39	21	-91.082492
-20	-7	-9	43	34.183782
-10	-5	-16	-34	-66.270943
-5	-40	-26	22	66.283151
1	-40	-31	18	74.266793
-26	20	-46	-3	-97.381512
12	32	11	-11	89.062166
12	27	1	-53	96.356090
37	-32	-44	36	92.901395
-13	-16	-10	54	10.696738
-41	-36	-23	11	-63.884396
2	-22	4	-10	-34.018983
12	41	-9	7	16.470840
-50	-14	-33	0	-85.302286
40	13	-31	-38	83.788568
-11	23	13	-8	76.439711
34	-23	6	48	0.393689
-1	0	-29	-23	33.439131
-31	-3	3	2	92.889187
-22	6	-23	37	-73.717460
3	32	-23	44	-24.845119
-22	-48	-4	24	64.415418
-2	-6	1	-35	43.650624
33	-37	-26	-9	-44.230476
14	-17	23	48	17.233802
-1	0	26	-17	93.926817
17	21	7	20	-80.846583
2	46	0	2	86.095767
2	-56	-3	-41	-19.791253
-37	7	29	-49	39.866329
-34	-17	21	5	33.365886
48	-26	-32	-35	49.308756
-14	-26	-50	21	31.571398
-6	8	-25	-6	-83.574938
-36	6	-3	24	-56.859035
-20	-28	-3	-16	-34.696493
12	51	-24	35	-10.660115
-26	36	42	8	66.521195
-38	-26	34	-25	-98.968474
-21	34	-4	2	23.129978
20	-35	1	-29	13.754692
-20	-30	2	-11	50.517289
33	4	-33	44	5.551317
-18	28	-5	23	27.738273
36	42	4	-20	-8.304086
-26	3	29	9	26.834925
13	-34	13	46	-8.560442
-3	-39	28	35	90.203558
39	-32	-29	17	65.892514
-23	45	-38	0	-17.398602
3	24	15	-24	74.956511
13	-47	0	-8	5.722221
28	-9	-57	5	91.863765
9	-47	16	8	78.606525
39	18	0	24	46.378979
2	-53	16	-3	-9.964293
20	-41	-24	21	31.693472
44	35	23	14	-29.667043
15	-14	-8	3	-38.560137
-47	9	11	14	-4.580828
-42	12	29	-15	82.708213
27	7	-5	23	-15.042573
8	39	-18	6	85.375530
54	-17	33	-8	8.328501
-53	27	-2	-18	23.764763
-5	-54	-41	0	92.144536
-2	-38	4	17	7.406842
15	-40	-31	15	-43.626209
45	-3	-2	-4	49.491867
-28	-22	-3	-2	8.755760
23	37	7	-6	48.588519
12	-27	-11	-5	90.368358
0	-30	12	-46	-33.036287
-17	-20	-7	4	-17.410810
-41	39	-22	52	32.724998
-15	6	-35	6	-33.304849
-8	12	-13	-26	80.407117
8	-8	37	-13	-78.765221
32	-22	7	13	95.068209
-16	48	-4	-8	31.772820
16	43	-21	30	45.890683
17	2	9	-43	-9.250160
20	15	-6	11	45.152135
20	42	-7	11	3.720206
31	15	33	41	94.482253
29	26	-57	5	-8.786279
45	-1	-30	-22	54.100162
16	21	-33	11	93.639943
22	34	1	25	-60.606708
-16	49	15	-1	-75.493637
-5	-1	-55	-16	93.182165
29	-48	24	26	-50.633259
41	-13	5	-8	62.846767
-27	0	-16	-14	-41.142003
-54	17	13	13	-86.114078
-44	-22	-42	10	-81.383709
-22	-12	3	21	-6.405835
-2	-16	49	23	58.262886
16	29	-9	-52	-46.421705
-26	13	7	4	29.776910
33	-46	9	-30	-92.175054
59	7	0	-35	-98.986785
-4	3	0	-55	85.106967
37	-31	33	9	-28.312021
39	-33	-14	5	37.351604
47	36	53	11	30.613117
-43	10	33	5	-56.053346
15	9	20	-6	-63.701285
-16	-4	0	4	43.601794
35	-27	-29	0	-70.488601
-59	0	17	-9	-86.663411
-33	-9	12	28	81.829279
56	-4	-4	-4	-39.951781
-27	17	8	-21	-69.249550
-1	-20	27	24	62.901700
0	-1	-11	30	14.279611
-31	-16	-41	21	-0.363170
-9	4	-18	8	-67.839595
-30	-36	49	30	39.402448
-26	9	16	26	56.944487
-44	9	3	18	71.916868
28	29	-48	17	-27.909177
-17	-14	22	-42	99.658193
52	27	27	-45	41.319010
-41	-13	23	-47	35.673086
-47	11	-19	11	33.524583
0	39	43	21	38.755455
0	-43	-18	27	-18.478957
-38	17	3	8	52.659688
-17	-25	14	-3	-93.530076
56	-18	-21	-18	-2.127140
-33	18	54	18	14.084292
-35	-21	-20	41	22.086245
-32	16	33	-10	-4.928739
0	25	-14	-6	94.189276
10	-14	-18	53	65.202795
-34	-26	-22	-29	-2.359081
-42	35	-24	-2	63.737907
7	37	-21	-15	-29.923399
-34	-13	-4	-2	41.044343
0	-12	11	26	86.266671
24	52	-54	23	65.843684
12	-35	21	27	-62.504959
33	6	-17	37	-55.638295
-56	2	44	-14	49.198889
24	1	3	4	80.339976
-8	-2	1	15	-26.670125
5	-6	12	-4	-63.054292
0	-19	4	-30	85.143590
-54	23	-3	-11	-57.554857
-22	28	36	24	63.389996
-4	-21	-34	-7	50.737022
-19	-8	-22	-2	16.177862
0	3	-19	-13	88.146611
-18	55	17	1	-57.426679
-5	4	-26	-11	-53.129673
19	-30	42	-31	-50.920133
-1	36	-9	15	-48.411512
-28	52	43	-5	-66.972869
-48	-33	24	1	-14.175848
2	12	-55	21	82.464064
57	-11	-1	30	-61.778619
16	-7	-15	34	-82.842494
-29	6	-5	22	-96.600238
-8	-18	-31	39	98.370312
-13	-30	-19	2	90.899380
-11	-26	6	20	72.014527
8	7	15	-42	-63.994263
-24	14	25	10	-71.044038
-46	23	-27	-4	-84.417249
42	-38	-3	-30	-33.713797
0	1	12	-20	-37.931455
7	0	-25	-4	-74.468215
3	-3	-10	-41	-64.159062
-41	21	35	-8	-89.873959
32	-5	0	9	-18.424024
-10	-42	-19	0	-16.434217
29	-8	24	23	67.369610
2	30	0	-5	-51.738029
-27	25	-19	8	-28.684347
26	-52	-49	-21	21.170690
-2	-43	25	-20	-38.029115
30	27	-53	-13	78.612629
16	-8	-23	7	-40.885647
26	-5	-1	-29	17.966247
13	-7	13	19	30.478835
22	25	-19	5	-0.131230
-2	0	40	-12	40.910062
6	32	-16	13	49.156163
49	-24	-10	23	37.644581
24	52	3	10	-8.322398
24	23	44	36	-26.480911
21	3	-7	11	27.573473
8	-33	27	19	42.454299
32	27	-15	-2	-49.027985
5	-9	22	12	6.875820
25	30	-27	-40	-54.387036
-6	-4	28	18	-20.853298
-3	14	47	-7	37.833796
-15	29	10	-25	-57.231361
22	10	12	3	-58.769494
-25	31	28	29	47.080905
-19	-2	9	2	60.386975
4	-12	0	-12	10.184027
38	27	8	30	-11.819819
-13	-5	-11	-21	33.371990
10	43	9	-39	85.723441
18	-52	41	-35	-64.110233
-13	54	50	-5	-81.920835
-6	-6	45	8	76.073489
10	58	2	22	1.950133
45	20	0	3	88.378552
51	3	-19	53	92.352062
16	-33	-14	0	-99.725333
46	16	1	56	-40.287484
6	41	-7	11	53.050325
-16	-27	11	4	-85.863826
10	12	23	31	33.121738
10	-28	-38	6	73.009430
15	49	0	-14	19.406720
-58	-2	-8	7	-80.986969
-39	-35	-8	-34	62.639241
-9	-19	-1	-7	-81.340983
-19	10	-5	4	-21.054720
21	-29	0	-6	-79.442732
13	42	-39	-19	-89.776299
-22	-30	0	-1	35.142064
-7	1	50	-16	-79.155858
33	41	27	-33	-38.169500
8	-15	51	-15	55.400250
26	-9	13	33	86.626789
-26	-17	17	-27	-25.125889
-37	-45	55	-4	69.414350
-19	12	-16	54	81.316568
-26	12	12	-50	-47.898801
8	-20	-22	13	39.750359
8	-19	-13	21	-55.827509
21	52	29	49	-72.801904
-42	-18	-26	2	25.663015
44	-39	31	0	-19.400616
-9	20	-30	-15	-18.881802
-56	-21	-22	52	5.441450
8	-7	35	17	78.234199
-14	0	-22	-15	85.503708
-34	-35	4	26	-76.323740
0	-14	-21	28	42.570269
4	18	-37	-13	-87.401959
8	7	1	47	-60.893582
0	-19	9	-17	5.136265
33	-12	4	-47	-78.160955
-8	13	14	-5	80.266732
26	-8	-54	-3	73.686941
-52	26	18	-2	-91.772210
36	-23	40	28	81.743828
-54	20	-28	0	88.781396
-12	6	7	3	74.401074
34	-1	0	37	-68.382824
-42	-10	21	-19	7.760857
13	-11	0	-9	-64.799951
28	6	6	4	96.435438
43	-15	-36	0	-12.576678
-5	-3	-16	46	66.124454
-13	-56	-11	-7	9.006012
47	-18	13	9	-73.686941
25	-48	12	16	43.034150
2	2	6	-17	89.147618
-39	-37	25	-14	-75.780511
10	-2	56	-13	26.163518
-7	38	4	-32	-86.046937
-14	-7	24	0	58.384960
-8	-45	3	5	36.185797
-49	21	-1	12	81.774346
0	0	44	37	-82.403027
-50	6	-2	13	55.485702
46	5	-23	54	39.432966
8	-8	12	22	75.701163
0	-1	-42	21	34.031190
25	27	31	-9	45.670949
-5	-3	12	34	-34.910123
-14	-55	-14	-30	-49.266030
27	-48	-9	43	-51.524400
2	51	6	21	29.117710
-30	11	-59	-1	19.962157
-11	16	5	-10	10.196234
57	-12	12	6	31.418806
6	38	-10	-14	50.675985
-43	-14	-33	-42	77.745903
-41	-27	3	-18	-48.863186
15	6	-24	-17	40.580462
3	49	-49	4	58.360546
28	14	-58	-11	-27.481918
57	2	-33	-40	-6.045717
-8	-25	8	28	89.526048
-2	-48	-14	11	-42.649617
-26	0	-8	26	-63.768426
-44	36	0	-5	79.528184
-29	35	-5	12	-80.919828
-16	5	-27	15	-59.428694
27	-15	3	33	68.797876
11	-24	31	-34	-90.911588
13	-4	24	-43	44.859157
48	12	26	-14	-47.996460
-45	-21	-11	7	69.969787
0	-8	-39	-36	-24.051637
23	-5	-53	20	-86.278878
-7	44	-8	-20	-96.526994
23	-35	-8	-31	-9.384442
-17	-29	7	-23	-96.758934
52	-22	-52	7	-26.114689
0	25	-36	-36	-6.924650
-32	30	-6	19	77.965636
45	-20	-55	-20	93.823054
0	49	-27	22	63.151952
14	-38	47	24	-96.240120
-9	37	-19	-51	45.854060
17	28	5	27	-8.523820
36	-1	-26	9	64.104129
-36	-25	11	-11	98.840297
-17	-30	4	2	49.925230
-25	-30	-38	36	-65.923032
18	-56	12	39	-68.242439
43	35	3	15	16.641743
2	12	-10	6	58.751183
5	-45	-15	51	98.486282
-2	-3	-57	0	71.111179
21	0	16	-2	70.622883
13	14	0	31	24.338511
17	-9	-7	0	-23.282571
17	-40	0	-33	71.355327
-11	27	26	23	-7.498398
28	4	20	-3	-56.352428
-26	48	-6	-13	-19.595935
-25	-53	0	1	2.255318
-11	29	54	0	55.656606
43	-34	7	-15	35.276345
-25	2	-30	-43	94.311350
-28	51	0	-4	92.822047
15	-10	24	-12	88.940092
16	0	6	-8	56.151006
23	18	1	-21	99.945067
-37	38	-25	-49	-40.629292
-20	-12	1	-13	-96.032594
-16	-21	-23	-32	-51.670888
-17	-1	11	52	15.384381
-4	-10	24	-51	90.862758
-24	-44	32	12	-81.762139
22	44	-20	-9	-69.145787
-6	-4	-4	3	89.165929
-12	-25	11	51	-53.398236
0	2	27	22	49.278237
-10	-4	33	17	50.877407
20	27	-33	44	-94.347972
-38	-17	1	-3	-58.171331
-13	-8	47	-12	47.416608
-12	3	41	-9	-56.846828
20	-24	45	3	45.292520
44	24	39	-42	31.778924
-27	-8	14	-7	35.782952
-11	1	-32	-30	-14.535966
-3	-5	-8	43	49.131748
12	44	-32	-28	1.773125
-3	30	24	37	-63.127537
34	15	4	-56	-35.764641
-40	28	-48	-15	-96.026490
21	-11	1	7	38.651692
3	35	-54	19	-27.103488
18	25	0	-1	-40.250862
-19	-6	-21	-50	-91.381573
-36	-39	46	-14	-74.242378
29	-50	31	-2	-25.516526
7	29	37	24	55.644398
-22	51	10	-7	-60.020753
7	-7	56	2	52.409436
-2	2	48	-8	72.838527
1	9	-28	-9	46.177557
-24	-36	5	-55	-43.211158
42	35	-24	26	-44.621113
11	36	6	9	61.095004
-4	38	6	-2	-84.264657
37	-4	42	20	46.464431
-16	-24	12	-19	-74.840541
-17	10	4	14	-31.504257
19	20	-19	26	25.656911
21	18	-22	11	78.801843
-16	-21	-10	-49	15.665151
-27	-44	-19	-2	18.033387
21	-10	19	0	-61.919004
3	-40	-14	-3	11.429182
-6	35	0	0	-88.659322
24	-7	-2	13	19.589831
7	-54	-41	-15	37.076937
-1	7	6	-6	1.382488
7	-34	3	7	-16.269417
-5	-2	2	39	46.879482
-16	-3	-33	-20	-24.759667
7	0	-15	13	35.056612
-2	8	-28	13	6.326487
36	-9	51	-12	-33.829768
-58	-11	37	25	-49.070711
-15	20	-21	-31	-17.648854
-15	-28	-43	19	50.315867
-24	5	-22	-50	34.995575
-18	14	-16	11	-28.562273
45	-1	41	-9	10.818812
-12	-12	-17	23	-15.952025
12	-47	1	12	-37.388226
-7	19	31	-40	75.951415
10	46	-21	-8	-18.729209
-38	-40	-9	3	-34.757530
-46	-22	-1	42	90.496536
4	16	9	-43	-16.574602
-32	20	0	18	49.095126
3	-32	38	3	-84.478286
-33	23	-8	-24	31.876583
-52	-10	-15	-11	24.655904
-17	-36	-21	1	-35.636464
35	0	-9	45	0.912503
38	34	5	-16	-60.777612
-31	-18	-8	36	-16.000855
-5	-23	31	25	30.600909
21	-36	11	41	82.189398
-1	3	34	44	48.533586
27	7	-42	32	13.205359
-34	48	0	0	4.580828
-27	-15	32	42	47.776727
-33	-37	-24	-52	77.513962
6	48	-6	11	-34.763634
-10	-34	16	18	-92.803735
-29	2	37	-9	-23.319193
19	-34	54	0	87.517930
15	42	30	-3	-44.657735
41	1	17	-15	89.458907
-29	13	-2	9	71.507920
29	-50	-10	15	13.711966
-37	11	0	-58	50.535600
-31	-8	39	-26	45.811335
-7	-48	-23	-19	-24.954985
-23	8	57	11	-40.610981
-31	29	-16	-3	-77.196570
-4	-11	-36	32	67.265847
-23	9	21	-38	40.220344
-19	35	-37	17	-25.907163
40	15	4	-18	28.049562
-21	22	14	11	-8.413953
25	34	-33	-11	-95.941038
-9	-19	-14	-52	-98.876919
-5	-25	-33	-34	-26.328318
-42	4	24	-47	62.651448
42	38	45	13	44.712668
4	7	21	-38	14.700766
-5	-1	10	11	44.541765
35	-8	-26	16	-55.821406
16	-55	-31	-45	-63.914914
-1	34	-36	15	4.251228
-16	13	-58	-6	-48.649556
1	39	-23	39	-75.560778
-22	4	14	-2	90.520951
-40	10	-20	14	4.892117
-4	17	-39	-15	83.324686
-35	-6	-18	53	-93.853572
1	52	4	-2	78.576006
9	41	-9	-5	-8.566546
-30	17	-29	5	-0.521867
-31	-16	-5	-28	1.174963
-11	-49	-10	19	-83.916746
-22	-26	-16	-12	-7.669301
17	38	54	14	-11.514634
19	-23	-28	7	47.843867
-1	6	13	16	-71.660512
22	-54	0	-2	50.938444
45	-12	38	-1	-1.907407
27	17	14	28	49.656667
16	50	-9	-15	48.228401
51	1	31	-12	-21.518601
52	-13	-22	-32	32.682272
-38	33	0	-4	-12.082278
-21	-10	-44	36	6.265450
-11	11	26	10	52.171392
16	-27	-6	3	79.412214
3	4	-53	-24	73.699149
1	11	-43	-27	-13.510544
-19	-17	12	0	46.525468
-32	-11	30	-13	1.602222
-29	-49	6	-1	-19.754631
51	6	-18	-29	66.399121
-34	15	-21	-5	31.199072
-48	-25	-28	5	84.203619
-39	-20	-33	-38	-73.479415
25	38	-57	-12	12.527848
26	-32	33	45	48.472549
8	-16	-12	-3	56.187628
-21	-27	50	7	94.189276
41	22	20	-14	-25.412763
14	24	14	38	-32.731101
1	29	7	-13	-24.576556
3	-4	50	-30	-1.779229
-11	34	32	-42	-18.527787
-22	8	-1	-17	-84.740745
3	11	9	20	43.125706
36	20	42	-31	39.176611
41	-37	2	34	26.718955
-41	39	24	-19	49.516282
35	-31	-1	0	60.618915
-41	38	-18	-29	12.460707
2	-11	14	-49	25.571459
22	-42	12	-21	31.858272
6	-10	-38	0	-54.747154
-3	34	0	-7	-51.707511
-24	-22	-42	-10	-95.031587
31	25	11	36	80.730613
21	-22	-5	14	31.620228
7	3	-20	-7	20.065920
31	-21	17	-36	-98.541215
-18	33	42	-24	24.448378
32	-27	19	19	57.518235
37	-4	-6	3	79.412214
9	0	35	-24	5.697806
15	8	10	31	90.514847
-16	15	51	-16	32.267220
-3	-17	36	-23	85.027619
15	-34	-14	-12	-66.716514
0	1	-20	7	73.552660
-16	11	-6	12	-86.346019
5	-38	6	-16	40.861232
-16	-15	0	-51	-87.157811
-12	-50	8	12	-56.987213
-9	6	5	-30	1.077303
27	44	2	-1	-72.283090
29	49	21	-54	62.334056
-23	52	15	-55	-33.970153
34	4	-20	-8	-55.668813
-11	-14	0	-5	79.430525
-40	16	-17	-21	-37.595752
33	-23	-31	18	62.352367
-49	-2	-2	33	-31.351665
-32	-43	23	-32	24.600970
-20	-35	-42	34	-20.163579
20	23	-5	-18	-69.475387
4	40	24	-49	74.175237
33	-34	-20	-3	-81.304361
29	4	-29	-10	-48.240608
-8	0	5	-40	37.015900
0	35	12	2	-47.679067
-9	0	22	7	5.667287
36	43	3	7	-59.532456
32	-2	-15	38	-44.822535
0	0	3	52	-15.219581
0	10	9	-28	62.175359
30	49	5	-40	50.492874
0	34	50	25	31.046480
-30	6	-36	-4	-85.985900
-17	-6	27	-13	89.873959
0	-6	11	0	66.148869
53	23	0	-18	44.773705
-24	2	14	6	14.108707
35	1	7	2	-95.702994
0	-2	-47	19	-21.475875
-25	-37	5	8	-54.362621
20	-20	-12	-32	-19.266335
-28	-2	9	58	20.883816
-32	-7	-3	5	-13.669240
19	0	51	20	-11.752678
-8	-5	21	-53	14.731285
6	-17	-19	-48	-51.988281
15	18	-55	11	-2.523881
-13	37	-55	13	87.188330
-35	-8	34	7	95.910520
-18	50	6	-22	8.645894
2	-25	3	-25	-73.174230
12	58	-51	30	-57.286294
-9	4	-4	3	7.419050
-17	-36	25	-11	19.937742
-4	11	22	-4	30.991546
-34	1	-34	-3	-61.461226
-25	-47	-18	10	-10.086367
7	42	-1	-5	0.527970
18	8	4	15	46.427808
29	1	30	34	-8.359020
40	21	28	25	18.076113
-13	-6	3	-50	34.379101
-36	-2	-25	47	-11.526841
3	13	47	-7	-33.738212
-14	-31	-6	41	23.856319
-3	15	-41	3	-46.983245
-15	-55	42	-11	28.409680
-49	21	13	36	50.749229
-6	-17	-11	47	58.061464
-3	-53	-18	9	-24.802393
-7	43	53	16	73.650319
-23	16	16	-2	52.403333
34	-25	-19	2	48.991363
-3	-57	-53	-15	5.630665
-20	24	4	0	-0.259407
58	-8	1	4	94.409009
-55	1	11	-14	-39.921262
-6	-52	-41	36	-75.469222
-8	7	3	-22	-32.316050
6	-47	-44	-12	38.181707
-8	-44	-52	11	20.615253
-24	-10	0	44	13.327433
-32	39	-1	-3	-0.845363
38	-30	36	-17	34.128849
15	-54	-5	18	-38.126774
-28	34	37	26	13.968322
27	-31	-23	37	-73.485519
-1	38	-16	1	39.274270
4	-6	5	-13	-91.796625
-25	33	-11	30	-12.826930
57	15	19	52	86.535234
14	-6	14	28	-26.566362
0	-20	30	-2	-24.063845
33	-20	-54	-18	64.226203
3	5	47	-4	76.586200
40	7	42	11	87.652211
7	2	-50	19	91.943113
16	8	34	5	47.135838
-20	14	8	-17	-67.101047
14	18	11	-2	23.825800
4	4	20	-2	68.669698
6	11	-16	19	13.992737
19	6	-42	-3	-59.630116
36	-4	-7	27	-66.161077
18	-4	20	-30	31.199072
-51	5	23	46	39.884640
-22	40	48	-24	70.091861
0	-6	-35	21	-5.404828
7	-16	1	5	-38.395337
0	11	-17	47	-22.739341
19	55	-1	6	-81.279946
6	-56	-58	0	31.272317
35	-27	7	14	-4.806665
2	-17	11	-31	37.949767
-12	-3	-22	1	32.963042
25	-44	30	42	27.329325
-12	-24	1	23	-9.402753
-2	46	5	-15	-81.151769
-14	24	18	15	26.139103
37	-34	13	-14	-49.290445
11	34	8	45	83.721427
-38	20	-6	-39	70.958586
6	36	-13	-49	-83.153783
-28	-34	-35	7	76.750999
-45	-6	-44	6	-62.126530
49	25	-55	-3	-48.710593
20	-48	43	35	-44.596698
-12	0	9	37	-90.893277
-12	-37	0	-1	-70.879238
-45	35	-52	-6	-96.935942
-32	15	46	-35	-20.719016
-23	-17	-49	24	89.147618
-10	3	43	-4	-35.813471
10	-36	7	-2	-81.469161
-45	19	-9	-8	52.281259
-11	-31	-27	10	22.714927
-39	21	-14	-18	-35.349590
-1	45	-7	-16	86.712241
-4	-15	28	39	31.369976
5	-11	-6	0	95.538194
15	12	41	9	-17.569506
13	22	-5	29	-53.965880
-27	32	28	-19	9.555345
8	-20	-9	-53	-13.968322
-11	39	-7	-4	85.680715
20	-53	7	25	-17.178869
15	-56	-36	18	-79.943236
-7	-19	-3	-53	92.718284
37	37	-7	3	-63.328959
11	9	-7	-29	74.913785
-35	-1	-29	-18	-78.966643
0	0	20	-1	9.976501
55	5	15	21	81.438643
45	10	8	-13	-20.584735
33	33	-9	-6	50.682089
-24	0	0	-1	-31.974242
-9	17	-13	-55	-62.096011
-12	35	36	-8	29.166540
-11	-54	15	41	39.896847
-8	20	9	19	-97.839290
-28	14	-2	-20	-44.975127
14	32	2	0	-75.457015
-26	-19	7	-46	54.942473
-52	-13	15	34	92.938017
-7	-17	1	-2	35.972167
-30	-7	40	17	-51.268044
25	50	21	-41	-29.728080
14	-53	27	19	66.405225
-6	9	1	33	-56.053346
-54	3	41	-40	10.776086
53	-17	-39	-12	-98.706015
-41	39	27	-51	-37.644581
-18	18	6	1	-68.742943
40	-13	30	21	17.490158
29	12	5	4	-45.231483
-30	43	-32	-44	-82.451857
-4	-26	19	-7	15.500351
-42	23	18	1	-27.811518
16	-29	-48	-10	97.418134
-3	-12	-36	-14	9.720145
26	11	17	-26	-70.091861
-17	23	2	-7	24.027223
-40	32	8	15	74.346141
-12	55	3	3	-10.464797
-14	-4	39	43	-37.998596
6	-6	37	46	-65.971862
40	42	-16	14	-6.729331
-41	-8	38	-15	37.760552
-18	-14	-9	19	-42.735069
18	8	18	-46	-36.259041
-29	-20	-7	-33	-36.912137
-55	1	26	20	62.779626
-28	-52	4	-9	63.988159
-1	25	-6	11	96.966460
51	21	28	16	13.498337
6	33	45	-4	73.046052
33	-8	-20	15	-68.523209
9	-49	-2	0	-47.019868
46	3	-18	8	21.097446
4	18	-22	4	68.431654
12	22	-17	-2	23.581652
-25	-49	30	-3	-56.828516
-14	6	14	-17	66.942351
-5	-9	27	-19	39.329203
-12	20	8	-45	31.510361
-6	36	7	-21	60.875271
-47	-7	9	19	65.941343
-52	7	29	-40	39.890744
-9	-15	8	-13	-28.897977
-20	-20	51	-19	-26.444288
-6	-23	-10	-9	76.464125
10	-34	38	-9	29.703665
-15	4	-51	-13	-55.204932
-6	-59	-20	-4	-87.853633
-3	8	-41	12	-65.538499
23	50	-17	16	11.062960
-24	-2	1	16	-47.734001
-8	26	41	-24	97.363201
-39	-14	28	-30	16.519669
12	-52	7	24	96.429334
11	-1	5	41	-20.090335
12	-12	-12	21	94.409009
15	-50	-11	-55	68.346202
-51	18	5	-30	23.038423
-17	-41	-22	20	-32.035279
-21	-51	-39	-36	-84.899442
27	-38	5	28	59.337138
-9	-5	36	-46	-32.694479
-18	-45	-11	22	-70.036927
-16	19	19	7	51.561022
-53	11	0	-29	-97.631764
24	-5	25	53	36.326182
26	-33	8	37	79.509873
-5	-58	11	-23	-23.368023
13	3	-8	-14	17.026276
0	-50	8	33	19.766839
0	0	-31	37	-79.485458
14	-23	0	1	86.614582
57	-2	-7	-11	89.043855
-8	-14	-37	-4	-46.092105
-34	4	-8	5	99.902341
15	47	18	-7	0.076296
-18	-42	-5	4	-57.383953
5	23	0	-1	48.203986
17	-32	-23	33	-7.034516
17	-25	6	-27	16.043580
0	21	-35	-10	32.383190
-36	17	-10	56	20.224616
18	48	-7	-32	41.856136
-4	-48	19	-4	19.467757
-2	14	36	-17	-85.833308
42	13	0	-35	94.103824
58	-10	-31	-1	34.324168
-27	15	14	10	55.546739
7	-46	21	-47	-87.084567
-14	38	22	35	19.718009
-25	17	32	-5	67.668691
-30	-21	13	-3	47.544786
-26	34	-9	-21	89.074374
-49	6	40	-22	79.418317
-13	2	-12	6	79.253517
32	25	-20	0	-87.890255
-25	43	58	-3	-67.894528
14	-4	-49	6	-49.772637
-4	12	51	-28	-3.042695
-26	34	-5	1	30.021058
53	24	12	15	-43.723869
-23	18	0	0	15.915403
23	-10	-9	0	-22.898038
0	0	-14	-20	-43.888668
-39	41	-5	-3	-80.474258
0	41	-21	-3	-38.999603
-8	39	24	-30	26.096377
-9	-28	-11	12	46.244697
-14	-31	-32	39	74.877163
-16	-13	17	30	8.774071
9	-40	-13	-21	36.448256
18	-7	-34	29	-57.847835
35	38	-16	-15	-84.411145
5	-50	-35	5	-81.823176
-31	0	-7	-46	74.901578
-3	31	-49	-26	-72.057253
16	-18	58	-7	19.589831
49	4	-4	18	-14.114811
0	-16	-40	24	-33.591723
26	9	-25	-4	-39.030122
-12	-8	16	-33	88.286996
-1	21	46	-21	-32.102420
-10	13	16	-38	-86.333811
-11	2	-12	23	-84.765160
28	-30	-26	14	17.075106
1	-30	3	4	-87.408063
1	-2	-31	32	-91.857662
-50	14	15	-7	95.086520
58	-3	24	0	-50.834681
40	1	-31	13	11.270486
11	-4	-26	3	94.824061
19	22	-9	19	67.400128
-35	42	-41	-19	-65.446944
-9	5	14	29	19.260231
-41	-18	23	9	20.218513
7	-32	7	-13	96.215705
5	-53	-38	-5	88.232063
30	10	-51	4	15.243995
-15	-37	-41	12	-14.902188
2	9	-13	43	77.513962
-28	-49	24	-37	14.774010
-6	-2	31	-22	31.327250
-43	-2	-11	45	96.465957
23	0	-40	-36	-5.429243
47	-18	-31	21	50.773644
0	0	-34	3	61.082797
7	-22	38	-18	92.724387
-53	-3	-27	-2	26.938688
30	-31	-15	-3	14.322336
-23	0	42	-40	19.608142
27	46	50	17	-74.932096
1	-16	-11	-25	-18.045595
-8	-24	2	-8	85.656301
-11	-9	59	7	86.205634
-30	35	44	-15	-64.629048
28	-37	-9	16	-61.741997
-5	8	49	-13	58.500931
-8	29	-15	6	18.790246
2	27	-20	37	-13.931700
-1	-29	52	7	-53.654592
22	0	36	-21	54.466384
-32	-12	31	5	-66.515091
47	-6	-22	-2	84.673605
-14	-3	49	5	-33.341472
16	25	-13	-2	7.345805
31	27	-10	-2	29.026154
-27	-18	-4	39	41.349528
32	-35	-12	-10	87.444685
-45	-3	58	5	5.166784
8	-8	-5	-23	-55.973998
-47	9	29	-23	-58.757286
36	29	11	-34	-25.663015
0	1	-19	23	53.276162
-21	-13	-11	7	-8.072146
22	-42	-25	-5	-90.990936
8	-21	2	-42	-55.247658
36	-15	38	-8	-36.899930
-42	-30	-2	-22	46.440016
-6	28	21	-20	53.929258
-13	34	-4	-5	40.336314
-2	52	30	3	-38.169500
-10	11	-11	-33	-22.055727
27	25	3	-1	5.667287
-12	-53	-17	-51	-58.287301
18	16	16	-7	32.633442
-12	-13	23	-11	36.533708
-16	25	43	-7	5.111850
28	40	14	-30	19.650868
-29	-26	-41	0	86.150700
-26	36	-22	-51	-16.739402
-34	9	8	-17	28.531755
-30	21	-36	-1	15.683462
-11	6	40	-29	-84.929960
-21	-43	-3	-15	-91.296121
49	-1	-5	7	-66.228217
11	50	0	39	49.748222
29	22	1	10	-99.243141
-26	18	13	55	-60.216071
9	12	-8	-6	-44.218268
34	1	57	-11	32.828761
19	-19	-37	-14	82.586138
36	38	-21	-44	4.281747
39	-13	-3	25	-99.359111
-25	46	-28	32	-35.776849
-31	-50	-14	13	-70.323801
-33	33	-2	-26	-78.930021
-44	-20	28	-27	-88.421278
7	-33	27	-21	-65.227210
15	-20	-14	-44	87.926878
23	-24	7	-9	-34.458449
1	26	-47	19	2.975555
-20	-28	-6	1	-67.552721
7	-21	-1	59	-98.083438
-16	-29	26	-26	-69.005402
19	11	35	-32	58.293405
-8	-57	-58	-14	32.474746
-8	31	29	24	6.759850
12	21	28	-26	-59.727775
-22	33	-44	-4	58.128605
-44	-6	-38	-19	59.666738
-19	-16	-37	-3	-77.996155
-16	-11	32	23	76.042970
-14	31	-1	46	-2.749718
55	20	9	-16	58.244575
-8	-38	0	10	-66.039003
15	28	-1	10	78.160955
-25	17	29	45	16.220588
38	-41	5	-2	-8.621479
14	2	28	-1	56.303598
16	57	-15	-12	31.376080
28	-30	0	36	66.100040
-46	19	42	28	-94.207587
-15	19	49	33	54.771569
-41	-5	-29	-9	58.171331
0	4	4	36	32.834864
20	-17	16	-24	16.147343
20	2	6	-1	94.714194
29	-19	-26	42	-17.239906
17	17	27	-13	-24.613178
-16	-2	-6	-23	62.401196
7	-19	-35	10	3.738517
-9	9	21	-52	-6.521805
-7	2	5	12	93.505661
30	31	-10	14	18.576617
44	39	-1	-42	61.485641
-1	8	-27	50	14.786218
-3	41	-56	17	65.721610
-25	49	0	5	-57.707450
35	23	-7	-42	-1.040681
23	-15	-36	11	98.101749
-45	5	7	11	-80.663472
34	6	-40	-26	-21.036409
-12	48	14	-24	54.686117
15	27	15	8	20.499283
-1	-47	-11	-16	-16.342662
-17	20	-14	-24	68.578143
52	6	1	0	-19.302957
-27	11	-19	-16	-91.680654
13	-57	-14	18	-5.630665
37	-7	-17	-28	28.165532
-27	48	35	44	13.748589
-42	-36	25	-8	49.290445
-27	-20	23	49	15.787225
3	-30	-5	47	-28.373058
26	-7	32	-17	-84.728538
3	8	-18	-7	-33.317057
-49	-3	22	16	-89.086581
0	0	49	2	64.751122
20	4	-48	22	66.606647
-3	48	-24	-1	-32.663961
23	-8	-21	1	31.272317
13	-37	-27	-18	-31.785028
-3	-22	-14	5	-15.640736
-5	-1	41	17	27.671133
28	23	33	-1	-24.741356
37	18	10	-18	98.077334
45	1	30	26	-23.020112
30	30	-37	-37	73.534349
18	-15	-4	13	-25.284585
26	-34	0	0	40.763573
30	15	13	10	11.923582
8	26	17	14	-67.223121
-5	-32	2	36	-78.991058
-42	-2	-3	7	66.362499
0	7	57	3	84.783471
8	-30	17	34	88.097781
-12	-13	14	17	-45.951720
-41	22	48	28	-95.733512
-43	24	27	-5	83.953368
7	-27	-6	33	18.588824
48	8	28	2	-28.104495
8	4	-21	52	56.804102
3	7	19	14	-1.077303
-31	-41	9	35	3.238014
-23	22	3	9	-41.319010
-19	4	-14	11	38.920255
27	20	-21	-8	-28.653829
51	4	15	5	84.154790
8	0	34	-31	79.827265
4	-46	-1	-39	45.652638
-13	-38	-12	-26	3.378399
17	-41	27	35	-81.762139
22	26	17	53	-36.979278
-14	-17	11	-10	98.315378
56	-18	0	-4	92.193365
38	7	5	-3	-74.437696
20	-9	9	-10	-12.442396
5	-17	-7	42	2.682577
-14	20	41	14	-40.122684
0	-14	17	37	-44.737083
17	-25	-52	8	92.114017
0	-11	16	5	-34.513382
-19	6	54	-20	-67.210913
-38	-44	-14	19	-25.522629
6	10	-18	38	-17.618336
-46	-26	-53	9	46.879482
11	-4	-50	-23	0.076296
5	-3	41	24	33.317057
-29	-24	49	4	-31.424909
23	-29	-4	-30	23.831904
19	27	-5	5	-68.114261
1	-16	-8	29	-87.646107
32	-10	29	-15	-56.352428
-31	-48	-26	9	54.142888
0	-27	43	40	70.958586
0	26	13	7	98.858608
-10	-48	1	35	88.506729
-8	17	22	35	-96.716208
-49	-15	-1	-23	-73.815119
-4	-15	-7	9	7.382427
-20	-16	43	16	77.770318
8	-34	-55	6	88.933988
-22	-30	-48	20	-20.914335
-28	14	-19	13	48.387097
-5	1	-10	2	-39.005707
23	-38	-14	-37	16.873684
-5	-31	-41	10	-34.556108
1	7	32	11	95.043794
-8	-28	-19	8	-78.685873
-37	25	34	31	-18.472854
38	-16	-11	-8	-23.734245
-6	-13	35	33	-1.419111
-2	6	55	-17	-54.649495
-6	-7	29	4	18.851283
13	-48	5	30	95.458846
28	-34	-47	11	-68.626972
-29	-50	35	-5	-39.170507
-19	-12	-6	9	78.289132
11	3	-44	-35	-4.275643
46	10	-12	14	0.863674
-33	9	-20	0	-43.699454
-58	9	-56	-19	24.503311
6	-9	8	-17	-52.806177
-1	-9	-33	6	-34.946745
12	-33	22	-53	-68.596454
6	-9	-17	-19	56.297494
-47	29	0	-58	25.864437
-34	-16	1	-16	-62.627033
-1	-43	8	4	-74.492630
29	14	-39	34	64.867092
0	0	-35	-31	35.892819
-56	14	-22	29	52.812281
35	-18	-15	-32	29.587695
-23	35	-2	-7	-11.209449
-25	-39	14	1	-63.927122
-43	27	-31	49	90.087588
7	33	-14	-26	5.685598
-29	-7	-32	39	-70.641194
-12	11	-48	-19	72.106082
-13	4	-54	13	-89.428388
5	-35	9	8	63.798944
22	4	23	-12	-0.216681
-35	-16	15	14	-81.633961
-55	4	-18	24	-22.476882
-6	-55	33	43	5.392621
46	26	-40	26	-53.581347
38	-22	7	11	53.489792
26	-15	1	8	-35.050508
46	21	-26	18	-75.682852
-24	-47	-33	8	-93.206580
25	-33	2	-50	-16.299936
-9	-32	-26	30	61.143834
17	-12	40	5	-38.102359
18	-4	30	15	48.753319
-38	-4	2	-10	-70.983001
-9	18	42	16	-26.096377
35	-13	4	20	1.132237
49	2	-27	6	73.845637
-11	17	-22	20	-97.076327
-38	-21	17	4	-36.100345
10	17	0	59	36.234626
8	58	-25	4	84.295175
-4	-34	-30	20	-42.081973
-32	-39	31	12	-27.146214
5	-3	9	10	41.404462
-15	18	-50	19	-45.725883
-31	-19	-13	-4	52.031007
-1	-35	4	-2	70.311594
17	0	-2	-17	-52.775658
-1	36	35	8	-68.749046
-49	-20	31	-41	33.231605
-18	38	4	-32	-61.803034
36	28	-26	15	-91.131321
-39	0	-7	12	-89.721366
2	-1	-41	-11	-71.208838
1	53	3	43	-51.170385
21	-10	39	-42	-0.881985
2	-17	39	-38	-7.834101
31	2	24	50	-10.641804
14	30	-19	16	-62.706381
-13	5	-24	10	-74.352245
7	-23	16	-6	95.562609
-12	-21	-37	21	11.905271
25	-15	45	2	-79.979858
5	11	-19	44	-7.272561
21	-48	13	-37	89.953307
-54	2	-35	-30	70.860927
6	37	-8	0	74.773400
-41	40	-14	-25	93.298135
0	7	-14	-36	36.765648
56	-4	9	15	-83.178198
-48	-7	52	10	-42.002625
16	10	15	-25	-79.692984
33	7	-23	-2	-68.999298
18	18	7	-22	4.312265
2	-7	16	-22	-9.598071
45	-14	1	24	75.920896
-30	20	-36	-19	68.767357
-55	15	-28	-12	46.470534
24	-31	-14	48	58.616901
12	-2	23	40	65.489669
-2	46	28	9	59.147923
-15	-29	-14	24	-94.280831
-31	-7	-4	-9	22.702719
-4	-46	7	-11	4.202399
-44	0	13	30	10.409864
8	-8	-6	20	-32.639546
-10	-33	7	0	70.000305
7	30	-25	-50	64.391003
4	-28	-10	39	-80.230110
-15	16	-21	40	18.979461
-6	12	19	9	-25.821711
-18	-10	24	35	84.014405
-30	20	42	-21	27.402570
13	15	18	-8	94.476150
32	-30	34	-24	37.644581
-14	40	0	0	26.902066
-18	10	-9	-9	-70.671712
-1	12	11	-14	-84.551531
-13	-7	-30	-38	-31.772820
-38	-23	-39	20	-79.058199
-18	-7	21	-52	65.184484
16	17	-7	33	35.917234
35	34	19	21	52.287362
-9	-33	-28	-3	18.863491
-20	-3	-41	12	-93.792535
-40	35	49	19	97.582934
-31	28	-10	43	83.825190
-37	-23	-51	-12	70.622883
23	19	-6	-32	-43.473617
2	-8	31	25	-57.304605
-17	23	0	-36	76.543474
-29	35	-25	27	68.950468
23	-6	21	11	67.619861
-17	42	-8	11	97.711112
-25	-8	-39	-41	28.788110
43	5	-9	55	79.845576
-32	32	29	51	-99.969481
4	12	40	28	21.835994
-9	33	1	37	-55.577258
-41	-36	-18	6	28.037355
13	5	-20	-56	95.428327
17	-56	-26	9	1.504563
-28	8	-52	27	-4.727317
45	-33	-2	-36	67.180395
0	0	-10	-7	76.622822
-54	24	1	-8	-46.580401
-26	-1	33	-41	86.901456
-7	37	-2	-6	95.367290
-4	-37	-41	-30	49.540696
-40	-10	-5	-25	-98.095645
13	15	-3	23	-30.063784
-25	-18	-12	7	32.560198
25	-47	22	-1	-54.741050
1	-15	10	11	86.584063
19	37	23	11	46.134831
-12	-28	8	0	-54.057436
-20	-6	-48	-4	76.549577
12	11	21	38	-87.517930
-25	-4	-6	4	30.692465
2	32	5	-2	55.430769
0	-9	2	-21	-68.419446
11	9	0	5	-67.833491
19	26	35	10	96.978668
-1	-31	9	12	93.389691
7	-24	-36	34	36.619160
-8	8	15	-40	28.934599
23	-38	13	1	-59.569079
1	0	-52	19	-6.833094
-6	1	-10	-9	-29.917295
55	-12	-11	28	-66.893521
4	-2	1	34	0.216681
-26	17	-15	-3	90.099796
48	-10	30	17	27.054659
36	-19	-57	-10	-48.197882
-2	0	-30	49	74.681845
32	-19	57	15	39.109470
10	-2	43	-33	-23.795282
-8	-14	49	33	92.516861
15	17	41	19	-94.653157
53	-12	32	-44	-83.989990
34	-43	-11	-28	-22.690512
22	-8	-30	47	-7.785272
-49	-13	-45	8	66.234321
12	-24	-3	-31	16.660054
-12	-17	9	59	-32.999664
-13	54	42	-1	-91.119114
-34	-19	47	6	45.280313
-17	57	-33	-29	51.017792
-14	-38	29	1	-28.476821
41	-33	34	16	0.155644
-3	-19	-12	18	99.420148
-31	43	-16	38	-96.484268
41	-11	-22	7	-29.850154
3	1	35	-41	10.214545
31	-35	-40	40	35.770745
-5	-5	-15	57	2.121036
9	6	0	0	76.287118
0	37	-33	-45	-52.879421
44	-8	39	-11	-43.278298
31	-18	16	0	-31.076998
13	-8	35	-6	95.672475
15	-4	15	-33	57.280190
36	17	-13	-3	-94.738609
53	23	33	2	89.422285
24	21	16	41	11.246071
0	21	15	31	43.913083
7	53	-10	-5	-94.524979
18	-26	-15	12	55.467391
-4	-17	-31	-16	50.297555
-20	-30	-29	-33	-87.273782
14	-18	-22	1	-84.002197
-3	55	2	-49	12.442396
28	1	-4	-25	12.045656
28	-49	-41	-23	-19.003876
-52	5	-48	2	5.160680
15	32	-6	18	6.735435
-47	2	-12	7	18.301950
-30	-6	-6	-26	51.438948
44	4	3	-25	71.068453
-48	16	-39	-36	3.665273
-4	26	-25	34	-52.427747
-37	-23	-1	3	-26.535844
43	17	8	8	-9.500412
5	45	54	5	-32.193976
18	-53	10	-31	4.251228
-8	-37	17	5	42.265084
-5	24	-22	-17	78.221992
-2	-4	8	-34	85.387738
-12	-6	0	-19	-71.123386
-34	-33	7	-16	-21.018097
-36	11	-9	-14	44.846950
-7	-6	-14	20	33.268227
3	-25	-5	-4	97.283853
-17	12	19	44	49.003571
24	8	-14	3	55.357524
25	-18	-11	15	-83.446760
-11	-40	3	20	-79.546495
-1	9	-10	-39	71.691031
37	-14	-11	-56	8.438368
-13	-4	-5	5	82.110050
39	-40	6	26	75.542467
-35	-15	-46	11	-40.348521
41	-11	-29	-5	92.913602
-15	-12	24	-48	-67.680898
10	-10	-39	-9	-44.206061
-8	-4	-42	33	58.171331
4	-44	-23	-18	-7.797479
-9	-11	53	-23	-39.652699
1	0	24	-5	90.606403
12	-15	42	-24	55.711539
-11	24	-1	-3	43.052461
-47	14	7	-40	-1.882992
-2	16	-5	29	90.057070
0	0	-21	-33	90.057070
9	-25	36	17	61.400189
39	41	-25	19	54.985199
13	-2	43	-21	82.512894
-13	-6	-50	9	78.704184
-22	-8	-48	18	-88.805811
10	31	30	-8	47.618030
-7	-4	-31	-5	-1.803644
6	-48	31	-13	-60.521256
6	-8	-14	-35	-32.145146
-3	-49	0	0	45.286416
0	49	24	0	-53.251747
5	20	-24	48	-64.201788
33	-2	5	12	-46.659749
-6	38	30	-34	-1.834162
6	14	15	32	51.023896
-25	0	-29	8	-82.030702
11	-2	0	-27	1.254311
11	40	-5	-42	6.448561
22	50	0	0	53.117466
-12	1	44	29	86.120182
-11	32	1	-11	18.790246
-17	43	-25	52	30.417798
-43	-14	43	-16	-19.919431
-20	-17	37	14	94.647053
-20	-16	6	17	-82.097842
-10	-23	-26	-13	52.250740
11	-42	6	13	75.206763
0	-2	25	-36	-89.043855
4	-11	-36	-8	84.783471
54	6	41	4	-17.874691
-18	35	-18	13	-32.865383
6	-49	-15	11	74.163030
0	23	-40	-44	-90.881069
-25	45	1	-56	10.946989
4	2	-35	-37	37.992492
-10	-22	-22	-28	44.639424
7	13	-36	12	-60.313730
-48	33	15	-20	85.302286
-10	-18	6	-3	-30.204169
-11	-58	14	-3	59.233375
-16	-33	11	-4	-7.919553
1	-6	38	10	96.679586
15	49	-50	7	40.665914
-54	20	9	30	63.280129
22	34	7	-57	-10.238960
31	-17	-27	23	51.127659
-18	-39	18	8	-59.129612
6	36	-10	-23	-92.992950
38	-19	8	-4	61.406293
-6	16	55	-3	70.226142
-26	3	-10	-22	-58.983123
-21	-14	14	-7	-83.654286
-49	4	-22	-8	33.890805
30	16	0	-14	-16.537980
22	33	7	43	97.949156
-18	20	41	23	55.778680
8	19	12	13	84.069338
-21	-14	6	3	6.894131
-30	45	-13	9	5.758843
0	-40	12	22	33.548997
0	45	-14	-29	-89.214759
-2	-43	40	-14	85.015412
8	4	-9	-38	47.209082
-42	20	15	-18	16.147343
-25	-12	-31	42	63.640248
-43	38	27	44	-72.386853
9	1	-16	0	12.302011
8	12	13	9	92.529069
-11	-37	-5	-44	15.744499
-34	0	-6	-2	88.793603
-1	34	1	-37	-83.642079
3	44	33	-9	-48.612934
1	-5	-47	7	-62.834559
-3	-10	-17	0	-87.304300
14	51	10	0	90.386670
0	0	-3	-58	63.451033
41	-6	-8	-13	-62.504959
57	-11	-22	-45	97.375408
-21	12	-2	-7	-13.119907
-11	-10	21	25	-16.995758
-2	-5	8	-29	49.101230
17	-30	5	-6	5.667287
0	-1	-54	8	-65.092929
-7	42	-5	-7	-52.720725
44	24	46	-25	-39.567248
12	4	-17	-20	-68.889431
44	28	-3	50	50.547807
0	-3	39	30	11.703848
-20	-35	-30	-17	6.418043
20	-34	-46	-5	46.720786
-12	-31	17	-22	-47.990356
4	-29	-37	-1	-11.624500
-13	-7	2	45	-81.890316
35	19	-49	0	-47.904904
-27	-42	-46	12	76.866970
-29	31	49	-25	27.616199
55	-8	41	-43	-19.577624
12	50	44	2	-46.610920
9	-3	-2	-47	-12.631611
25	0	7	-26	63.798944
1	-50	1	-24	-49.723807
27	-2	20	-34	-98.693808
-6	-51	-11	-8	25.272378
33	49	-6	-40	-25.321207
-9	-28	2	-14	47.758415
12	11	41	33	70.079653
-6	10	39	7	90.020447
2	-23	-27	-20	-70.250557
-11	-5	32	-35	-41.880551
1	29	28	-1	8.792383
-7	25	58	14	93.408002
-4	-26	3	7	-85.332804
-3	34	44	15	32.145146
-52	-17	12	27	-23.172704
31	-6	-9	0	-46.440016
-4	25	47	-23	-3.207495
18	-27	-2	-17	99.755852
56	-11	49	-6	36.997589
44	-15	-35	-30	93.139439
22	-40	2	-6	42.790002
-21	2	2	23	-3.042695
12	22	-7	-16	34.421827
8	13	13	-4	-69.457076
16	9	49	0	-16.422010
-10	18	1	32	-85.491501
-18	-51	-7	12	-1.797540
3	-11	-10	55	29.392376
-13	0	-11	1	-99.127171
-39	-41	2	5	20.084231
34	19	8	-2	-17.130039
-16	-12	-17	-1	-0.796533
11	-4	48	-10	-60.020753
43	33	6	-2	55.229347
-24	54	-18	10	76.006348
-4	25	15	18	10.715049
29	9	47	33	39.432966
49	-23	11	-5	-30.442213
0	3	-7	40	-33.603931
-41	-36	31	-45	39.359722
38	26	50	-20	-62.590411
-50	-27	-24	-53	-56.620991
24	41	-4	-39	42.191839
9	9	29	-31	4.019288
12	-55	-26	0	-9.604175
-20	20	3	21	86.663411
31	23	-17	4	68.254646
-6	-11	4	25	-87.279885
16	-35	-3	-8	-18.521683
45	29	-21	-25	-38.059633
-1	52	26	37	33.182775
22	6	-52	6	-44.193854
-7	-30	-27	21	-66.350291
-9	31	5	-55	1.571703
-30	23	-6	-12	-28.830836
-42	-10	-15	-9	-30.765709
0	-50	-17	-22	-0.289926
-5	55	11	-12	-75.041963
23	47	11	26	-33.854183
0	-3	31	20	-38.712729
28	-29	-49	-11	70.903653
-28	-52	-36	-28	64.250618
-8	-17	6	-28	-74.340037
30	0	0	0	-24.564348
6	-48	-18	2	1.107822
-4	5	4	-58	-94.994964
-41	11	-12	11	-94.628742
-40	29	15	31	33.298746
8	24	-37	-36	77.678762
13	-27	-48	-20	52.006592
-3	14	-16	-20	-6.790368
-43	23	-46	28	-7.461776
-24	-11	-6	27	-70.030824
-12	-7	-5	-37	-14.230781
4	57	0	0	7.626576
19	-5	42	-28	17.014069
-12	51	0	17	12.918485
-8	15	-41	7	32.755516
-7	10	-13	-3	32.419813
3	-46	15	-11	33.109531
-56	-5	3	-9	40.324107
27	-41	-16	29	98.834193
-2	-27	43	-34	-59.239479
-30	43	-28	12	-77.678762
-50	-13	-15	1	9.805597
-8	-46	-29	7	77.001251
-4	8	1	42	-5.374310
17	-53	32	-6	-8.114872
30	14	25	-21	-63.560900
37	27	-26	-21	89.593188
-21	14	-37	6	-99.792474
-30	-16	0	-5	-88.030641
-8	-7	22	20	-71.062349
47	35	-15	-53	-10.122990
27	44	-4	2	80.083621
-8	0	-52	10	96.588031
-11	12	20	-16	-77.202673
31	25	-38	-39	91.601306
31	7	-32	37	14.285714
-26	18	-18	-13	42.344432
31	29	-13	3	58.000427
22	-46	-39	-23	-51.884518
-29	-5	17	-3	-31.076998
35	17	-9	40	96.874905
-41	17	1	-38	60.264901
-26	3	-18	-39	48.893704
-48	9	18	30	42.326121
-46	35	45	-37	23.398541
8	-9	-11	-42	47.715690
32	31	9	-3	11.001923
18	8	-23	37	43.968017
-24	34	-7	-8	-64.299448
-31	5	3	-1	69.347209
-33	20	0	-12	59.239479
6	-54	-1	25	9.915464
29	18	-2	-52	65.166173
-5	-9	51	27	-9.091464
30	15	23	-30	-49.583422
18	28	-15	-11	34.849086
-19	35	27	23	62.297433
23	-39	3	1	68.724631
16	2	19	-51	28.403577
-46	-34	-19	0	-13.864559
3	2	15	28	-44.004639
5	14	-10	-42	-26.212348
-25	3	-4	-9	-70.207831
-39	-38	-1	-11	69.408246
7	-14	4	-15	1.242103
-24	20	28	-44	-71.239357
-21	-16	-33	-23	72.765282
58	-9	12	-34	42.039247
-15	28	35	-22	25.382244
37	-46	-50	13	24.576556
13	16	16	8	16.306040
39	-38	49	30	-98.754845
-7	4	-31	14	58.897671
-48	-27	1	16	98.443556
-11	24	25	-22	75.774407
32	20	-30	35	-29.770806
-16	-5	-9	-50	56.291391
-54	12	-4	41	79.601428
-6	-8	-38	-27	-96.246223
-31	-44	20	5	47.148045
45	27	-45	33	-18.417920
29	-36	-22	2	-69.652394
-31	0	46	-35	-30.191961
27	-6	15	14	35.740226
1	0	-16	-42	-50.437941
38	19	-26	7	66.069521
-40	3	18	25	87.426374
-46	7	45	-20	-84.264657
22	-7	21	-29	-37.028108
-28	-22	-37	-22	48.313852
-28	-5	23	8	53.288369
-30	-11	-18	-17	-48.875393
-22	53	-1	-13	-25.327311
-13	44	1	44	-14.383374
53	18	40	5	-38.718833
44	18	-22	-53	-32.737205
-43	-38	29	-29	99.200415
30	-15	-15	26	23.252052
-37	15	9	21	-68.102054
-16	49	46	10	61.540574
46	-2	-23	34	34.122745
55	22	-43	-31	-17.380291
-42	-41	25	-12	-86.236152
-7	-23	3	-54	46.293527
9	-4	-42	21	60.448012
10	-20	-52	-16	49.333171
-13	29	-15	8	-34.324168
27	-24	29	22	50.083926
-25	31	-19	-51	34.543901
35	-37	39	-15	23.160497
36	-45	-5	-13	-6.393628
-2	6	29	-9	30.893887
-30	-14	11	26	83.239235
-10	-1	23	27	-16.232795
51	15	25	15	-3.067110
31	46	8	23	-91.985839
0	-3	1	-18	82.470168
43	20	-13	-4	51.542711
-40	-26	15	0	5.978576
-3	51	0	23	-45.316935
-8	14	6	-15	98.638874
40	-19	-27	-30	99.029511
-44	11	-27	-26	80.999176
27	38	41	-34	25.217444
-13	0	-9	41	29.526658
-58	-13	-40	27	-36.368908
5	-28	-26	-3	70.561846
2	-9	-24	42	3.775140
35	-25	38	-4	-54.869228
-31	37	28	36	45.139927
-20	-4	6	19	59.538560
15	13	45	4	-0.149541
-16	-23	5	-4	-44.126713
5	-3	26	-5	-90.606403
-8	4	-6	50	-3.646962
-2	47	-9	-8	73.241371
15	-15	55	13	-95.049898
32	-27	2	-5	-4.696799
39	43	26	-48	-80.132450
4	-19	1	21	30.948820
-25	-37	-35	-25	66.508988
49	-18	-22	1	-6.942961
-34	14	7	-19	-58.061464
25	49	-40	-24	12.192145
-49	-6	14	4	-91.106906
5	-1	6	-7	-25.833918
25	-12	-27	17	-96.124149
-13	17	44	32	-70.842616
-50	30	-4	8	74.401074
0	0	16	-8	49.382000
30	33	13	-49	-41.392254
6	42	14	-6	99.554430
4	8	-22	30	86.071352
29	-9	8	20	-57.786798
23	0	-58	-7	0.601215
39	-13	9	-4	-51.622059
33	-29	-15	-19	38.822596
-14	32	-9	-16	51.744133
-43	-21	-18	36	70.653401
-56	17	38	-26	-17.502365
35	-19	-44	-7	-86.919767
-8	-9	14	1	22.733238
-58	-6	45	-2	48.271126
-5	24	4	-4	-99.212622
-19	-23	18	-56	36.368908
-1	-38	28	-2	-45.091098
-31	-36	43	-13	42.362743
-15	-35	14	-33	34.257027
-15	23	11	10	74.816126
28	14	0	0	36.210211
36	11	1	0	99.945067
35	-30	13	20	32.291635
3	-14	-21	11	-75.389874
2	-11	12	38	61.076693
20	13	22	-10	-89.385662
-23	44	-15	5	-27.658925
45	3	5	-1	-59.434797
-18	29	-30	0	59.703360
-36	7	40	8	-40.244758
28	31	-3	44	51.274148
45	4	6	-12	-38.627277
0	2	13	-39	-67.766350
-47	-6	-11	-15	32.224494
-2	-9	-49	15	64.885403
-16	-4	49	-2	73.577074
6	1	-11	38	-72.923978
24	-29	9	-21	-78.807947
32	-14	26	-3	47.837764
8	-3	-8	-27	27.567370
-26	-23	14	52	-8.713034
-1	30	-18	9	-41.874447
10	14	-9	16	-83.794671
8	-21	34	-40	84.881130
-16	15	-16	-37	-56.987213
-36	31	39	-40	75.695059
-43	-20	24	42	16.275521
4	55	-10	5	95.702994
10	-15	4	26	91.235084
35	12	11	-22	-89.391766
1	38	-35	10	-72.423475
-32	13	6	-2	53.935362
1	-2	27	-46	76.750999
8	4	17	19	-58.366649
-25	24	20	-31	69.341105
7	3	2	59	-25.486007
38	-20	0	23	-96.887112
5	-15	-30	-36	35.386212
22	47	11	-31	19.589831
-55	5	40	21	-48.448134
-49	4	7	39	-5.710013
29	2	5	-13	24.326304
-43	-38	-7	-16	27.597888
13	0	-34	-6	-41.813410
-34	-35	35	-14	50.016785
8	7	-35	7	-25.168615
-36	18	18	18	13.394574
5	-40	0	14	-90.716269
48	34	-5	-41	35.001679
-21	24	12	-7	-24.063845
-33	23	-33	6	26.914274
-28	-23	19	56	43.241676
1	-38	13	-47	-42.368847
-43	35	7	21	53.801080
-4	23	46	-36	-29.758599
-51	-24	2	-27	45.884579
-51	-9	46	-4	-83.465072
-2	-38	-56	2	-39.011811
-10	46	-10	-40	-92.211676
4	-13	-14	34	72.704245
52	0	-15	9	68.498795
17	-37	-7	-17	87.121189
-14	-9	-4	-1	71.355327
-43	-40	25	8	95.947142
20	-7	36	21	-91.741691
6	4	50	15	-36.387219
-21	9	-19	-11	60.142827
-35	-30	-36	-46	73.717460
-32	-39	25	-44	-49.681082
22	36	-28	20	-58.201849
-17	28	25	-11	-40.122684
-6	-24	-14	31	1.638844
1	-2	24	52	-33.719901
-42	-22	40	19	-80.150761
13	-11	-18	7	-54.344310
-56	-2	34	4	-18.875698
37	-2	-29	-17	-55.101169
2	-57	4	6	10.165716
25	-6	37	-20	-16.702780
2	-7	-41	-21	80.840480
-16	12	43	31	-15.433210
31	-4	20	43	4.623554
-5	23	9	-6	0.991852
-13	5	4	12	-18.680380
-2	-12	29	-42	-56.230354
9	-11	-6	11	-54.356517
5	29	-3	-10	57.481613
-43	17	-27	38	97.155675
17	32	22	11	12.082278
0	-5	-6	-22	23.557237
0	-6	-22	-17	19.559313
-11	-5	0	-45	15.988647
-22	-40	17	15	23.929563
19	0	15	-13	53.825495
-48	23	-44	36	22.721030
-28	21	-11	-41	98.052919
-39	6	3	21	16.983551
8	21	51	21	-62.608722
-3	18	-6	38	-60.765404
-40	-8	9	9	-70.458083
-20	-32	-38	-38	-55.717643
-19	-39	7	-13	92.089602
-55	-21	16	-9	48.979156
-23	31	-32	35	-75.823237
-16	3	24	-16	-88.915677
-33	45	-10	29	11.697745
48	31	0	-12	-49.577319
-27	22	-20	-28	98.168889
-24	16	24	4	60.362560
-27	-27	-20	-4	-67.369610
49	-21	18	-46	42.863247
-2	19	5	0	52.482681
7	9	24	-2	35.166478
11	-20	17	9	-83.642079
29	-19	0	-2	13.022248
4	-3	0	-36	47.923215
23	13	23	19	78.081606
-11	-9	-42	-10	17.996765
51	13	27	-30	58.623005
-20	29	22	41	34.171575
-8	-57	-46	21	58.574175
-35	-29	-37	-15	30.869472
-29	35	-18	0	70.696127
-39	-11	-14	-15	-47.947630
-2	4	-13	-28	-85.778375
-50	28	30	-11	37.040315
26	0	44	-37	95.721305
17	-29	-9	-10	-84.221931
34	-28	8	-10	3.207495
18	53	28	-9	-96.771142
-18	-20	45	26	-41.373943
-8	-34	5	-9	33.030183
-38	-28	-40	25	-50.480667
-51	1	-55	14	-51.237526
-39	33	-52	-20	24.869533
-8	-28	-34	7	14.731285
-41	-27	-45	27	-64.329966
15	0	-14	-56	-62.303537
36	4	22	-1	-13.950011
-31	6	7	10	86.870937
-25	-14	34	-3	-66.374706
7	-17	29	-5	-57.835627
-6	31	-13	54	20.853298
41	15	-2	13	-11.563463
-9	-20	-18	-5	47.190771
-41	-16	-10	47	-36.234626
-4	-37	-40	18	68.761254
-3	37	7	-49	-44.016846
22	-4	-25	-15	-11.685537
39	14	-36	30	88.958403
-22	-28	-31	17	36.857204
47	15	45	-18	48.710593
-57	-3	4	-20	23.673208
18	-9	-49	-27	51.573229
-32	-18	-26	-6	-76.305429
25	-23	-19	-14	-30.442213
-16	-12	0	-7	33.420820
4	5	47	-9	-5.703909
8	21	12	-12	80.272835
-17	-15	-9	-33	-91.027558
-1	-2	33	-25	-51.512192
12	-23	-36	27	56.450087
-3	5	-25	44	-69.035920
-4	47	-7	1	-47.917112
-47	13	-57	16	-99.163793
-4	-35	-34	-40	81.334880
20	-2	-6	26	-25.840022
15	25	47	8	-60.600604
-3	-6	47	-35	61.473434
43	7	8	6	-70.598468
2	-21	0	-59	-74.694052
30	10	-22	12	-81.676687
-7	10	0	-1	-24.814600
-44	-29	-4	-12	3.799554
-20	17	-55	-15	50.193793
19	-54	-16	-18	55.229347
-30	-23	9	-13	4.928739
13	5	-15	38	-59.959716
37	-23	22	22	71.153905
42	-23	45	7	91.808832
-20	-26	-45	25	35.801263
-40	13	-12	0	-35.233619
4	-15	43	17	85.070345
2	21	31	-13	-5.539109
22	2	45	22	-54.405347
