1, 2, 3, -1 - 6, -56, -58, 0, 31.272317 - 0.592889
3, 6, 7, -1 - 2, -20, -11, 0, 86.736656 - 0.655749
2, 4, 5, -1 - 40, 3, 1, 0, 41.184729 - 0.600939
7, 14, 15, -1 - -4, 2, -42, -12, -26.371044 - 0.694537
14, 28, 29, -1 - 39, 23, 28, -20, -71.727653 - 0.905971
5, 10, 11, -1 - 1, 16, -47, -9, -63.621937 - 0.969523
15, 30, 31, -1 - -8, -18, -31, 39, 98.370312 - 0.641592
28, 56, 57, -1 - 51, 1, 31, -12, -21.518601 - 0.395998
29, 58, 59, -1 - 24, 23, 44, 36, -26.480911 - 0.906760
56, 112, 113, -1 - 13, -56, -8, -9, 65.221107 - 0.969723
113, 0, 0, 2 - 0, 0, 0, 0, 0.000000 - 0.000000
112, 224, 225, -1 - -45, -13, -22, 51, -28.250984 - 0.217836
224, 0, 0, 7 - 0, 0, 0, 0, 0.000000 - 0.000000
225, 0, 0, 6 - 0, 0, 0, 0, 0.000000 - 0.000000
30, 60, 61, -1 - 26, -52, -49, -21, 21.170690 - 0.930245
58, 116, 117, -1 - 28, -4, 43, 2, -84.344005 - 0.133641
10, 20, 21, -1 - 51, 3, -19, 53, 92.352062 - 0.020020
59, 118, 119, -1 - -17, -23, -20, -45, -17.307047 - 0.999994
116, 232, 233, -1 - 1, -8, 0, 12, 6.967376 - 0.384312
232, 0, 0, 7 - 0, 0, 0, 0, 0.000000 - 0.000000
233, 0, 0, 8 - 0, 0, 0, 0, 0.000000 - 0.000000
57, 114, 115, -1 - -22, -36, 14, 50, -98.278756 - 0.091007
20, 40, 41, -1 - -22, -24, 3, -6, 84.496597 - 0.890492
114, 228, 229, -1 - -5, 2, -22, -37, 16.067995 - 0.844325
61, 122, 123, -1 - 38, -30, 36, -17, 34.128849 - 0.952174
229, 0, 0, 7 - 0, 0, 0, 0, 0.000000 - 0.000000
41, 0, 0, 2 - 0, 0, 0, 0, 0.000000 - 0.000000
40, 80, 81, -1 - 38, 45, 2, -15, -8.987701 - 1.000000
228, 456, 457, -1 - -15, 22, -47, -11, 76.512955 - 0.153742
118, 236, 237, -1 - 3, -25, -5, -4, 97.283853 - 0.617836
60, 120, 121, -1 - -9, -19, -1, -7, -81.340983 - 0.534052
457, 0, 0, 7 - 0, 0, 0, 0, 0.000000 - 0.000000
237, 0, 0, 13 - 0, 0, 0, 0, 0.000000 - 0.000000
456, 0, 0, 6 - 0, 0, 0, 0, 0.000000 - 0.000000
11, 22, 23, -1 - -42, -23, 46, 12, -58.098086 - 0.976465
81, 0, 0, 16 - 0, 0, 0, 0, 0.000000 - 0.000000
80, 160, 161, -1 - 18, -9, -13, 1, -72.283090 - 1.000000
122, 244, 245, -1 - -39, -21, -30, -30, -13.418989 - 0.640944
119, 238, 239, -1 - -19, -17, 12, 0, 46.525468 - 0.209596
161, 0, 0, 3 - 0, 0, 0, 0, 0.000000 - 0.000000
244, 0, 0, 13 - 0, 0, 0, 0, 0.000000 - 0.000000
160, 0, 0, 1 - 0, 0, 0, 0, 0.000000 - 0.000000
236, 472, 473, -1 - -18, 41, 2, 28, -42.667928 - 0.662656
120, 240, 241, -1 - -39, -21, -30, -30, -13.418989 - 0.034811
239, 478, 479, -1 - 17, -1, 1, 1, 48.844874 - 0.985228
241, 0, 0, 6 - 0, 0, 0, 0, 0.000000 - 0.000000
240, 0, 0, 2 - 0, 0, 0, 0, 0.000000 - 0.000000
117, 234, 235, -1 - -46, -33, 0, 16, -77.623829 - 0.019152
478, 0, 0, 7 - 0, 0, 0, 0, 0.000000 - 0.000000
123, 246, 247, -1 - -27, -15, 12, -43, -90.673544 - 0.059364
234, 0, 0, 7 - 0, 0, 0, 0, 0.000000 - 0.000000
246, 0, 0, 10 - 0, 0, 0, 0, 0.000000 - 0.000000
245, 490, 491, -1 - 11, -3, -45, 10, 61.540574 - 0.881291
479, 958, 959, -1 - 2, 1, -34, 19, 45.353557 - 0.543564
247, 0, 0, 2 - 0, 0, 0, 0, 0.000000 - 0.000000
958, 0, 0, 8 - 0, 0, 0, 0, 0.000000 - 0.000000
959, 0, 0, 9 - 0, 0, 0, 0, 0.000000 - 0.000000
491, 0, 0, 14 - 0, 0, 0, 0, 0.000000 - 0.000000
473, 946, 947, -1 - -29, -10, -13, -33, -17.813654 - 0.721928
946, 0, 0, 2 - 0, 0, 0, 0, 0.000000 - 0.000000
31, 62, 63, -1 - -8, 7, 3, -22, -32.316050 - 0.252182
472, 944, 945, -1 - 3, -27, 52, 2, -10.397656 - 0.072016
490, 980, 981, -1 - 46, -6, 25, -31, -34.916227 - 0.791858
980, 0, 0, 6 - 0, 0, 0, 0, 0.000000 - 0.000000
944, 0, 0, 12 - 0, 0, 0, 0, 0.000000 - 0.000000
945, 0, 0, 13 - 0, 0, 0, 0, 0.000000 - 0.000000
947, 1894, 1895, -1 - 17, -1, 1, 1, 48.844874 - 0.721928
1895, 0, 0, 13 - 0, 0, 0, 0, 0.000000 - 0.000000
1894, 0, 0, 11 - 0, 0, 0, 0, 0.000000 - 0.000000
121, 242, 243, -1 - -26, 3, -10, -22, -58.983123 - 0.133078
981, 1962, 1963, -1 - 0, 0, 49, -24, -40.684225 - 0.970951
1963, 0, 0, 15 - 0, 0, 0, 0, 0.000000 - 0.000000
242, 0, 0, 6 - 0, 0, 0, 0, 0.000000 - 0.000000
1962, 0, 0, 11 - 0, 0, 0, 0, 0.000000 - 0.000000
238, 476, 477, -1 - -21, 24, 12, -7, -24.063845 - 0.072788
477, 954, 955, -1 - -25, 47, -33, -11, 71.489608 - 0.994030
954, 0, 0, 8 - 0, 0, 0, 0, 0.000000 - 0.000000
955, 1910, 1911, -1 - 0, -55, 46, -35, -85.839412 - 0.721928
1910, 0, 0, 17 - 0, 0, 0, 0, 0.000000 - 0.000000
63, 126, 127, -1 - -44, -20, 28, -27, -88.421278 - 0.395916
1911, 0, 0, 9 - 0, 0, 0, 0, 0.000000 - 0.000000
127, 0, 0, 7 - 0, 0, 0, 0, 0.000000 - 0.000000
235, 470, 471, -1 - -14, -1, 11, 1, 20.175787 - 0.010000
476, 952, 953, -1 - 12, 3, -33, -20, -93.127232 - 0.052167
470, 0, 0, 8 - 0, 0, 0, 0, 0.000000 - 0.000000
126, 252, 253, -1 - 17, -1, 1, 1, 48.844874 - 0.987693
253, 0, 0, 13 - 0, 0, 0, 0, 0.000000 - 0.000000
115, 230, 231, -1 - -55, 5, 40, 21, -48.448134 - 0.019118
952, 1904, 1905, -1 - 11, 1, -6, 4, 48.136845 - 0.979869
1904, 0, 0, 8 - 0, 0, 0, 0, 0.000000 - 0.000000
252, 504, 505, -1 - -18, 14, -28, 27, -47.129734 - 0.881291
471, 942, 943, -1 - -20, -7, -9, 43, 34.183782 - 0.398459
1905, 0, 0, 9 - 0, 0, 0, 0, 0.000000 - 0.000000
942, 0, 0, 8 - 0, 0, 0, 0, 0.000000 - 0.000000
504, 0, 0, 12 - 0, 0, 0, 0, 0.000000 - 0.000000
230, 460, 461, -1 - -46, -33, 0, 16, -77.623829 - 0.220953
505, 1010, 1011, -1 - -29, -10, -13, -33, -17.813654 - 0.918296
460, 0, 0, 7 - 0, 0, 0, 0, 0.000000 - 0.000000
943, 1886, 1887, -1 - 20, 32, -8, -2, -50.315867 - 0.918296
1010, 0, 0, 6 - 0, 0, 0, 0, 0.000000 - 0.000000
22, 44, 45, -1 - 44, -15, -35, -30, 93.139439 - 0.861896
1887, 0, 0, 9 - 0, 0, 0, 0, 0.000000 - 0.000000
1011, 0, 0, 11 - 0, 0, 0, 0, 0.000000 - 0.000000
1886, 0, 0, 5 - 0, 0, 0, 0, 0.000000 - 0.000000
953, 1906, 1907, -1 - -29, 9, 13, 46, 40.641499 - 0.009073
1906, 0, 0, 9 - 0, 0, 0, 0, 0.000000 - 0.000000
461, 922, 923, -1 - -42, 23, 18, 1, -27.811518 - 0.950956
923, 0, 0, 8 - 0, 0, 0, 0, 0.000000 - 0.000000
922, 0, 0, 7 - 0, 0, 0, 0, 0.000000 - 0.000000
1907, 3814, 3815, -1 - 2, 7, -17, 7, 78.661458 - 0.650022
3814, 0, 0, 9 - 0, 0, 0, 0, 0.000000 - 0.000000
3815, 0, 0, 8 - 0, 0, 0, 0, 0.000000 - 0.000000
243, 486, 487, -1 - -9, -11, 9, 0, 79.241310 - 0.069407
487, 0, 0, 6 - 0, 0, 0, 0, 0.000000 - 0.000000
21, 42, 43, -1 - -8, 7, 3, 21, -55.565050 - 0.009574
42, 84, 85, -1 - 18, -9, -13, 1, -72.283090 - 0.970951
85, 0, 0, 5 - 0, 0, 0, 0, 0.000000 - 0.000000
84, 0, 0, 4 - 0, 0, 0, 0, 0.000000 - 0.000000
6, 12, 13, -1 - -29, -20, -7, -33, -36.912137 - 0.704603
231, 462, 463, -1 - -43, -14, 43, -16, -19.919431 - 0.007598
486, 972, 973, -1 - -24, 14, 25, 10, -71.044038 - 0.016761
23, 46, 47, -1 - -8, 27, 1, -42, -2.059999 - 0.826425
463, 0, 0, 7 - 0, 0, 0, 0, 0.000000 - 0.000000
44, 88, 89, -1 - -39, -21, -30, -30, -13.418989 - 0.208619
972, 0, 0, 6 - 0, 0, 0, 0, 0.000000 - 0.000000
973, 0, 0, 2 - 0, 0, 0, 0, 0.000000 - 0.000000
462, 924, 925, -1 - -44, -6, -24, 0, 33.817560 - 1.000000
924, 0, 0, 6 - 0, 0, 0, 0, 0.000000 - 0.000000
925, 0, 0, 7 - 0, 0, 0, 0, 0.000000 - 0.000000
45, 90, 91, -1 - 14, 3, -10, 12, -51.701407 - 0.889217
88, 176, 177, -1 - 18, -9, -13, 1, -72.283090 - 0.122292
176, 0, 0, 1 - 0, 0, 0, 0, 0.000000 - 0.000000
177, 0, 0, 21 - 0, 0, 0, 0, 0.000000 - 0.000000
62, 124, 125, -1 - -18, 35, 14, -40, -25.174718 - 0.065819
125, 250, 251, -1 - 12, 15, 56, -10, -18.521683 - 0.550984
251, 0, 0, 13 - 0, 0, 0, 0, 0.000000 - 0.000000
91, 182, 183, -1 - 49, -21, 18, -46, 42.863247 - 0.301666
90, 180, 181, -1 - 47, 15, 45, -18, 48.710593 - 0.088375
181, 0, 0, 19 - 0, 0, 0, 0, 0.000000 - 0.000000
250, 500, 501, -1 - 17, -1, 1, 1, 48.844874 - 0.918296
501, 0, 0, 5 - 0, 0, 0, 0, 0.000000 - 0.000000
500, 0, 0, 2 - 0, 0, 0, 0, 0.000000 - 0.000000
46, 92, 93, -1 - -50, -1, -15, 21, 24.332408 - 0.483826
182, 364, 365, -1 - -21, -37, -10, 22, 24.344615 - 0.996792
365, 0, 0, 16 - 0, 0, 0, 0, 0.000000 - 0.000000
89, 178, 179, -1 - 44, 9, 33, 47, -62.236396 - 0.048113
92, 184, 185, -1 - 17, -1, 1, 1, 48.844874 - 0.925565
364, 728, 729, -1 - 5, 13, 24, -38, 39.182714 - 0.994985
729, 0, 0, 20 - 0, 0, 0, 0, 0.000000 - 0.000000
47, 94, 95, -1 - -5, -9, -8, 52, 74.584185 - 0.988514
728, 1456, 1457, -1 - 0, -55, 46, -35, -85.839412 - 0.945660
178, 356, 357, -1 - -3, -12, -36, -14, 9.720145 - 0.822253
180, 360, 361, -1 - 33, -19, 38, 37, -58.537553 - 0.031908
1457, 0, 0, 18 - 0, 0, 0, 0, 0.000000 - 0.000000
1456, 0, 0, 17 - 0, 0, 0, 0, 0.000000 - 0.000000
185, 370, 371, -1 - -11, 24, -1, -3, 43.052461 - 0.680794
371, 0, 0, 5 - 0, 0, 0, 0, 0.000000 - 0.000000
356, 0, 0, 18 - 0, 0, 0, 0, 0.000000 - 0.000000
357, 714, 715, -1 - -26, 19, 16, -43, 76.189459 - 0.322757
183, 366, 367, -1 - 17, -1, 1, 1, 48.844874 - 0.044525
184, 368, 369, -1 - 15, -50, -11, -55, 68.346202 - 0.994813
715, 0, 0, 18 - 0, 0, 0, 0, 0.000000 - 0.000000
714, 0, 0, 19 - 0, 0, 0, 0, 0.000000 - 0.000000
361, 722, 723, -1 - -29, -10, -13, -33, -17.813654 - 0.918296
370, 740, 741, -1 - -44, -6, -24, 0, 33.817560 - 0.994030
368, 0, 0, 2 - 0, 0, 0, 0, 0.000000 - 0.000000
722, 0, 0, 21 - 0, 0, 0, 0, 0.000000 - 0.000000
723, 0, 0, 18 - 0, 0, 0, 0, 0.000000 - 0.000000
740, 0, 0, 4 - 0, 0, 0, 0, 0.000000 - 0.000000
741, 0, 0, 9 - 0, 0, 0, 0, 0.000000 - 0.000000
369, 0, 0, 10 - 0, 0, 0, 0, 0.000000 - 0.000000
366, 732, 733, -1 - 18, -9, -13, 1, -72.283090 - 1.000000
732, 0, 0, 16 - 0, 0, 0, 0, 0.000000 - 0.000000
733, 0, 0, 20 - 0, 0, 0, 0, 0.000000 - 0.000000
360, 720, 721, -1 - 4, 0, -7, 23, -30.027161 - 0.015023
93, 186, 187, -1 - 28, -24, 22, -16, 65.276040 - 0.081463
721, 0, 0, 18 - 0, 0, 0, 0, 0.000000 - 0.000000
94, 188, 189, -1 - -13, -56, -11, -7, 9.006012 - 0.792972
367, 734, 735, -1 - -19, 14, 45, -37, 15.927610 - 0.053026
188, 0, 0, 18 - 0, 0, 0, 0, 0.000000 - 0.000000
735, 0, 0, 20 - 0, 0, 0, 0, 0.000000 - 0.000000
734, 0, 0, 21 - 0, 0, 0, 0, 0.000000 - 0.000000
187, 374, 375, -1 - 8, 20, -41, 26, 88.891263 - 0.801412
374, 0, 0, 3 - 0, 0, 0, 0, 0.000000 - 0.000000
95, 190, 191, -1 - 14, -6, 14, 28, -26.566362 - 0.053039
43, 86, 87, -1 - -4, 9, -13, -52, -18.033387 - 0.006677
191, 0, 0, 5 - 0, 0, 0, 0, 0.000000 - 0.000000
375, 750, 751, -1 - 1, 13, 4, 0, 99.340800 - 0.391244
190, 0, 0, 4 - 0, 0, 0, 0, 0.000000 - 0.000000
87, 0, 0, 4 - 0, 0, 0, 0, 0.000000 - 0.000000
751, 0, 0, 4 - 0, 0, 0, 0, 0.000000 - 0.000000
750, 0, 0, 3 - 0, 0, 0, 0, 0.000000 - 0.000000
189, 378, 379, -1 - 18, -9, -13, 1, -72.283090 - 0.056525
378, 0, 0, 1 - 0, 0, 0, 0, 0.000000 - 0.000000
379, 0, 0, 2 - 0, 0, 0, 0, 0.000000 - 0.000000
720, 1440, 1441, -1 - -41, -18, 23, 9, 20.218513 - 0.015041
179, 358, 359, -1 - -20, -16, 43, 16, 77.770318 - 0.010615
1441, 0, 0, 19 - 0, 0, 0, 0, 0.000000 - 0.000000
359, 718, 719, -1 - 12, 15, 56, -10, -18.521683 - 1.000000
719, 0, 0, 18 - 0, 0, 0, 0, 0.000000 - 0.000000
718, 0, 0, 19 - 0, 0, 0, 0, 0.000000 - 0.000000
186, 372, 373, -1 - 25, 50, 21, -41, -29.728080 - 0.009060
372, 0, 0, 4 - 0, 0, 0, 0, 0.000000 - 0.000000
373, 0, 0, 5 - 0, 0, 0, 0, 0.000000 - 0.000000
1440, 2880, 2881, -1 - -31, -35, -7, 1, -58.745079 - 0.012307
2881, 0, 0, 20 - 0, 0, 0, 0, 0.000000 - 0.000000
2880, 5760, 5761, -1 - -44, -6, -24, 0, 33.817560 - 1.000000
5760, 0, 0, 20 - 0, 0, 0, 0, 0.000000 - 0.000000
5761, 0, 0, 21 - 0, 0, 0, 0, 0.000000 - 0.000000
358, 716, 717, -1 - -7, -36, -21, -11, -21.048616 - 0.006603
717, 0, 0, 19 - 0, 0, 0, 0, 0.000000 - 0.000000
716, 1432, 1433, -1 - 35, -35, 24, 5, -22.727134 - 0.322757
1432, 0, 0, 20 - 0, 0, 0, 0, 0.000000 - 0.000000
1433, 0, 0, 19 - 0, 0, 0, 0, 0.000000 - 0.000000
124, 248, 249, -1 - -9, 9, 21, -52, -6.521805 - 0.026650
249, 0, 0, 7 - 0, 0, 0, 0, 0.000000 - 0.000000
86, 172, 173, -1 - 55, 3, -24, -36, -41.489914 - 0.003667
173, 0, 0, 3 - 0, 0, 0, 0, 0.000000 - 0.000000
172, 344, 345, -1 - 54, 18, 45, 4, 50.401318 - 0.918296
344, 0, 0, 3 - 0, 0, 0, 0, 0.000000 - 0.000000
345, 0, 0, 2 - 0, 0, 0, 0, 0.000000 - 0.000000
248, 496, 497, -1 - 0, 2, 13, -39, -67.766350 - 0.011268
497, 994, 995, -1 - 17, -1, 1, -10, -73.668630 - 0.543564
994, 0, 0, 6 - 0, 0, 0, 0, 0.000000 - 0.000000
995, 0, 0, 2 - 0, 0, 0, 0, 0.000000 - 0.000000
12, 24, 25, -1 - 45, -20, -55, -20, 93.823054 - 0.789717
496, 992, 993, -1 - -41, 9, -32, 30, -5.233924 - 0.006459
992, 0, 0, 10 - 0, 0, 0, 0, 0.000000 - 0.000000
13, 26, 27, -1 - 18, -2, -25, -21, 11.502426 - 0.586379
24, 48, 49, -1 - 29, -41, -32, -21, 48.509171 - 0.547340
48, 96, 97, -1 - -8, -46, -36, 5, 31.919309 - 0.859276
25, 50, 51, -1 - 22, 22, 25, -53, -24.961089 - 0.862879
96, 0, 0, 15 - 0, 0, 0, 0, 0.000000 - 0.000000
97, 194, 195, -1 - 18, -9, -13, 1, -72.283090 - 0.034176
194, 0, 0, 11 - 0, 0, 0, 0, 0.000000 - 0.000000
195, 0, 0, 2 - 0, 0, 0, 0, 0.000000 - 0.000000
993, 1986, 1987, -1 - -11, 44, 11, -44, -41.264077 - 0.003635
1986, 0, 0, 6 - 0, 0, 0, 0, 0.000000 - 0.000000
4, 8, 9, -1 - -34, -1, 46, -14, 53.910947 - 0.501912
1987, 3974, 3975, -1 - -17, -16, 8, -44, -27.628407 - 0.092719
3974, 7948, 7949, -1 - -33, -48, -8, -21, 76.537370 - 0.985228
7948, 0, 0, 6 - 0, 0, 0, 0, 0.000000 - 0.000000
7949, 0, 0, 2 - 0, 0, 0, 0, 0.000000 - 0.000000
3975, 7950, 7951, -1 - -22, -42, -39, 7, -70.482498 - 0.057778
7950, 0, 0, 7 - 0, 0, 0, 0, 0.000000 - 0.000000
7951, 0, 0, 6 - 0, 0, 0, 0, 0.000000 - 0.000000
50, 100, 101, -1 - 53, -12, 32, -44, -83.989990 - 0.067187
100, 200, 201, -1 - -6, -28, 0, 0, -29.728080 - 0.337290
200, 0, 0, 2 - 0, 0, 0, 0, 0.000000 - 0.000000
201, 0, 0, 10 - 0, 0, 0, 0, 0.000000 - 0.000000
49, 98, 99, -1 - -17, -15, -9, -33, -91.027558 - 0.103151
99, 198, 199, -1 - 15, -23, -26, -47, -81.188391 - 0.839308
51, 102, 103, -1 - -7, 43, -2, -45, 73.100986 - 0.999998
199, 398, 399, -1 - -31, -23, 20, -51, -96.667379 - 0.586982
198, 396, 397, -1 - -6, -3, 28, -17, -16.379284 - 0.195909
397, 0, 0, 2 - 0, 0, 0, 0, 0.000000 - 0.000000
396, 0, 0, 10 - 0, 0, 0, 0, 0.000000 - 0.000000
399, 798, 799, -1 - 12, 15, 56, -10, -18.521683 - 0.322757
799, 0, 0, 2 - 0, 0, 0, 0, 0.000000 - 0.000000
798, 0, 0, 15 - 0, 0, 0, 0, 0.000000 - 0.000000
398, 796, 797, -1 - -5, -4, -7, -26, 12.021241 - 0.082143
797, 0, 0, 2 - 0, 0, 0, 0, 0.000000 - 0.000000
796, 0, 0, 10 - 0, 0, 0, 0, 0.000000 - 0.000000
101, 202, 203, -1 - 7, 7, 57, -3, 76.940214 - 0.030818
203, 406, 407, -1 - -9, -3, -57, -8, 10.556352 - 0.947435
406, 0, 0, 10 - 0, 0, 0, 0, 0.000000 - 0.000000
102, 204, 205, -1 - 21, -22, 14, 53, -79.308451 - 0.467107
407, 0, 0, 11 - 0, 0, 0, 0, 0.000000 - 0.000000
103, 206, 207, -1 - 23, -21, -15, -25, 35.764641 - 0.854286
27, 54, 55, -1 - 52, 1, 6, -19, 54.991302 - 0.465860
204, 408, 409, -1 - -9, -49, 46, -23, 13.791314 - 0.918194
409, 0, 0, 10 - 0, 0, 0, 0, 0.000000 - 0.000000
408, 816, 817, -1 - 18, 15, 10, -6, 28.922391 - 0.292235
817, 1634, 1635, -1 - 0, -23, -7, 8, 64.030885 - 0.591673
207, 414, 415, -1 - 16, 7, -1, 0, 90.533158 - 0.094316
816, 1632, 1633, -1 - 1, 21, 46, 15, 59.111301 - 0.088072
1634, 0, 0, 12 - 0, 0, 0, 0, 0.000000 - 0.000000
1632, 0, 0, 11 - 0, 0, 0, 0, 0.000000 - 0.000000
1635, 0, 0, 11 - 0, 0, 0, 0, 0.000000 - 0.000000
415, 0, 0, 17 - 0, 0, 0, 0, 0.000000 - 0.000000
414, 0, 0, 16 - 0, 0, 0, 0, 0.000000 - 0.000000
1633, 0, 0, 10 - 0, 0, 0, 0, 0.000000 - 0.000000
26, 52, 53, -1 - 7, 2, -47, -13, 12.137211 - 0.265349
206, 412, 413, -1 - 52, 27, 27, -45, 41.319010 - 0.783126
205, 410, 411, -1 - 15, 0, -14, -56, -62.303537 - 0.154424
98, 196, 197, -1 - -45, -13, -34, -4, -1.565600 - 0.068822
196, 392, 393, -1 - -20, 34, 47, -24, -85.009308 - 0.213580
411, 822, 823, -1 - 16, 7, -1, 0, 90.533158 - 0.337290
392, 0, 0, 11 - 0, 0, 0, 0, 0.000000 - 0.000000
822, 0, 0, 12 - 0, 0, 0, 0, 0.000000 - 0.000000
393, 0, 0, 10 - 0, 0, 0, 0, 0.000000 - 0.000000
823, 0, 0, 13 - 0, 0, 0, 0, 0.000000 - 0.000000
413, 826, 827, -1 - 17, -1, 1, 1, 48.844874 - 0.332903
826, 0, 0, 15 - 0, 0, 0, 0, 0.000000 - 0.000000
412, 824, 825, -1 - 12, -30, 26, 2, 57.115390 - 0.052925
53, 106, 107, -1 - -41, 19, 19, 39, -26.529740 - 0.909300
827, 1654, 1655, -1 - -29, -10, -13, -33, -17.813654 - 0.249882
1654, 0, 0, 20 - 0, 0, 0, 0, 0.000000 - 0.000000
1655, 0, 0, 21 - 0, 0, 0, 0, 0.000000 - 0.000000
202, 404, 405, -1 - 53, 23, 33, 2, 89.422285 - 0.008727
405, 0, 0, 11 - 0, 0, 0, 0, 0.000000 - 0.000000
825, 1650, 1651, -1 - 38, -22, 46, 14, -77.568896 - 0.506146
404, 808, 809, -1 - 21, -25, -43, 29, 44.114505 - 0.367498
809, 0, 0, 12 - 0, 0, 0, 0, 0.000000 - 0.000000
1650, 3300, 3301, -1 - 0, -28, -50, -11, -8.206427 - 0.650022
808, 0, 0, 11 - 0, 0, 0, 0, 0.000000 - 0.000000
1651, 3302, 3303, -1 - 30, -33, -5, -27, 6.472976 - 0.266765
107, 214, 215, -1 - -47, -18, 0, 1, -12.613300 - 0.868683
3300, 0, 0, 16 - 0, 0, 0, 0, 0.000000 - 0.000000
3301, 0, 0, 15 - 0, 0, 0, 0, 0.000000 - 0.000000
215, 0, 0, 2 - 0, 0, 0, 0, 0.000000 - 0.000000
3303, 0, 0, 16 - 0, 0, 0, 0, 0.000000 - 0.000000
3302, 0, 0, 15 - 0, 0, 0, 0, 0.000000 - 0.000000
410, 820, 821, -1 - 3, 47, 35, -30, -97.009186 - 0.091800
820, 0, 0, 11 - 0, 0, 0, 0, 0.000000 - 0.000000
824, 1648, 1649, -1 - 24, -21, 33, -41, -83.721427 - 0.007157
214, 428, 429, -1 - 33, -49, -26, -50, 78.533280 - 0.929687
1648, 0, 0, 16 - 0, 0, 0, 0, 0.000000 - 0.000000
106, 212, 213, -1 - -9, -6, -5, 58, -41.966002 - 0.942585
1649, 3298, 3299, -1 - 0, -28, -50, -11, -8.206427 - 0.650022
3299, 0, 0, 16 - 0, 0, 0, 0, 0.000000 - 0.000000
3298, 0, 0, 17 - 0, 0, 0, 0, 0.000000 - 0.000000
429, 858, 859, -1 - -9, -32, 20, -35, -25.260170 - 0.191433
859, 0, 0, 19 - 0, 0, 0, 0, 0.000000 - 0.000000
428, 856, 857, -1 - -3, -3, -46, -30, 11.044649 - 0.640944
857, 0, 0, 18 - 0, 0, 0, 0, 0.000000 - 0.000000
858, 1716, 1717, -1 - -22, -28, -17, 5, -2.255318 - 1.000000
212, 424, 425, -1 - -54, 10, 0, -34, -23.593860 - 0.315997
55, 110, 111, -1 - 58, -8, 1, 4, 94.409009 - 0.804097
1717, 0, 0, 20 - 0, 0, 0, 0, 0.000000 - 0.000000
1716, 0, 0, 16 - 0, 0, 0, 0, 0.000000 - 0.000000
425, 0, 0, 14 - 0, 0, 0, 0, 0.000000 - 0.000000
213, 426, 427, -1 - 38, -15, 25, 36, -31.907102 - 0.605693
856, 1712, 1713, -1 - 0, -55, 46, -35, -85.839412 - 0.276195
1712, 0, 0, 2 - 0, 0, 0, 0, 0.000000 - 0.000000
426, 0, 0, 15 - 0, 0, 0, 0, 0.000000 - 0.000000
1713, 0, 0, 14 - 0, 0, 0, 0, 0.000000 - 0.000000
424, 848, 849, -1 - 0, 0, 49, -24, -40.684225 - 0.902393
849, 0, 0, 10 - 0, 0, 0, 0, 0.000000 - 0.000000
427, 854, 855, -1 - -33, 16, 28, -1, 23.789178 - 0.878674
854, 0, 0, 16 - 0, 0, 0, 0, 0.000000 - 0.000000
848, 1696, 1697, -1 - 0, -55, 46, -35, -85.839412 - 0.591673
1696, 0, 0, 16 - 0, 0, 0, 0, 0.000000 - 0.000000
1697, 0, 0, 11 - 0, 0, 0, 0, 0.000000 - 0.000000
54, 108, 109, -1 - -8, -57, -58, -14, 32.474746 - 0.320772
855, 1710, 1711, -1 - 18, -9, -13, 1, -72.283090 - 0.371232
1710, 0, 0, 11 - 0, 0, 0, 0, 0.000000 - 0.000000
1711, 0, 0, 15 - 0, 0, 0, 0, 0.000000 - 0.000000
821, 1642, 1643, -1 - 4, -23, 22, -25, 72.777490 - 0.012452
1643, 0, 0, 11 - 0, 0, 0, 0, 0.000000 - 0.000000
1642, 0, 0, 12 - 0, 0, 0, 0, 0.000000 - 0.000000
108, 216, 217, -1 - -8, -51, 23, -28, 73.491623 - 0.751820
217, 434, 435, -1 - 32, 33, -26, 44, -46.549883 - 0.033869
434, 0, 0, 10 - 0, 0, 0, 0, 0.000000 - 0.000000
435, 0, 0, 14 - 0, 0, 0, 0, 0.000000 - 0.000000
110, 220, 221, -1 - 7, -54, -41, -15, 37.076937 - 0.787150
197, 394, 395, -1 - -9, -3, -57, -8, 10.556352 - 0.015388
216, 432, 433, -1 - 11, -39, -30, -26, 50.492874 - 0.292599
433, 866, 867, -1 - -32, -40, -10, -44, -74.132511 - 0.996792
111, 222, 223, -1 - 12, -52, 7, 24, 96.429334 - 0.680156
866, 0, 0, 14 - 0, 0, 0, 0, 0.000000 - 0.000000
867, 1734, 1735, -1 - 0, -55, 46, -35, -85.839412 - 0.958712
1734, 0, 0, 17 - 0, 0, 0, 0, 0.000000 - 0.000000
432, 864, 865, -1 - 23, -27, -22, -42, 15.567492 - 0.040034
220, 440, 441, -1 - -31, 0, 46, -35, -30.191961 - 0.821727
865, 0, 0, 14 - 0, 0, 0, 0, 0.000000 - 0.000000
1735, 3470, 3471, -1 - 17, -1, 1, 1, 48.844874 - 0.954434
3470, 0, 0, 2 - 0, 0, 0, 0, 0.000000 - 0.000000
395, 790, 791, -1 - 27, 23, 47, -20, -82.073428 - 0.123681
440, 880, 881, -1 - 9, 31, -45, 16, 81.670583 - 0.957815
3471, 0, 0, 18 - 0, 0, 0, 0, 0.000000 - 0.000000
880, 0, 0, 2 - 0, 0, 0, 0, 0.000000 - 0.000000
221, 442, 443, -1 - 21, -12, 43, -16, -58.995331 - 0.422418
790, 1580, 1581, -1 - -31, 14, 50, 4, -32.340464 - 0.576707
222, 444, 445, -1 - 9, 41, -53, 8, 57.579272 - 0.990365
881, 1762, 1763, -1 - 12, -7, 8, -21, 56.028932 - 0.816811
1763, 0, 0, 17 - 0, 0, 0, 0, 0.000000 - 0.000000
864, 1728, 1729, -1 - -8, -3, -11, -45, 76.970733 - 0.031544
1581, 3162, 3163, -1 - 0, -10, 28, 38, 85.070345 - 0.515947
1729, 0, 0, 14 - 0, 0, 0, 0, 0.000000 - 0.000000
3163, 0, 0, 10 - 0, 0, 0, 0, 0.000000 - 0.000000
1762, 3524, 3525, -1 - 18, -9, -13, 1, -72.283090 - 0.309543
1580, 3160, 3161, -1 - 18, -9, -13, 1, -72.283090 - 0.233019
442, 884, 885, -1 - -16, 27, -9, -48, -36.429945 - 0.943035
3162, 0, 0, 11 - 0, 0, 0, 0, 0.000000 - 0.000000
441, 882, 883, -1 - -16, 49, 46, 10, 61.540574 - 0.147898
3525, 0, 0, 16 - 0, 0, 0, 0, 0.000000 - 0.000000
3524, 0, 0, 15 - 0, 0, 0, 0, 0.000000 - 0.000000
3161, 0, 0, 10 - 0, 0, 0, 0, 0.000000 - 0.000000
444, 888, 889, -1 - 44, -14, 0, 0, 11.484115 - 0.998599
882, 1764, 1765, -1 - 54, 18, 45, 4, 50.401318 - 0.439497
791, 1582, 1583, -1 - -49, -27, -13, 15, -65.111240 - 0.031430
3160, 6320, 6321, -1 - -58, -5, -9, -5, 14.590899 - 0.918296
6320, 0, 0, 11 - 0, 0, 0, 0, 0.000000 - 0.000000
1582, 0, 0, 11 - 0, 0, 0, 0, 0.000000 - 0.000000
6321, 0, 0, 10 - 0, 0, 0, 0, 0.000000 - 0.000000
1764, 0, 0, 19 - 0, 0, 0, 0, 0.000000 - 0.000000
1765, 0, 0, 18 - 0, 0, 0, 0, 0.000000 - 0.000000
52, 104, 105, -1 - -4, -35, -34, -40, 81.334880 - 0.080643
884, 1768, 1769, -1 - 0, 0, 49, -24, -40.684225 - 0.079490
223, 446, 447, -1 - 51, 4, 15, 5, 84.154790 - 0.084206
445, 890, 891, -1 - 24, -21, 33, -41, -83.721427 - 0.804541
1583, 0, 0, 10 - 0, 0, 0, 0, 0.000000 - 0.000000
1728, 3456, 3457, -1 - 18, 5, 2, 4, -40.543840 - 0.020497
1769, 0, 0, 10 - 0, 0, 0, 0, 0.000000 - 0.000000
3456, 0, 0, 14 - 0, 0, 0, 0, 0.000000 - 0.000000
1768, 0, 0, 11 - 0, 0, 0, 0, 0.000000 - 0.000000
3457, 0, 0, 2 - 0, 0, 0, 0, 0.000000 - 0.000000
888, 1776, 1777, -1 - 54, 18, 45, 4, 50.401318 - 0.346731
1777, 0, 0, 18 - 0, 0, 0, 0, 0.000000 - 0.000000
1776, 0, 0, 19 - 0, 0, 0, 0, 0.000000 - 0.000000
889, 1778, 1779, -1 - 31, 6, 44, -39, 34.580523 - 0.944087
885, 1770, 1771, -1 - 27, -34, -6, -12, 70.793786 - 0.909689
883, 1766, 1767, -1 - 35, -12, -16, -37, 18.570513 - 0.122292
446, 892, 893, -1 - 27, -24, 29, 22, 50.083926 - 0.625386
891, 1782, 1783, -1 - 17, -1, 1, 1, 48.844874 - 0.904381
1782, 0, 0, 15 - 0, 0, 0, 0, 0.000000 - 0.000000
1779, 0, 0, 20 - 0, 0, 0, 0, 0.000000 - 0.000000
1766, 0, 0, 2 - 0, 0, 0, 0, 0.000000 - 0.000000
1767, 0, 0, 18 - 0, 0, 0, 0, 0.000000 - 0.000000
1783, 0, 0, 17 - 0, 0, 0, 0, 0.000000 - 0.000000
1778, 3556, 3557, -1 - 17, -1, 1, 1, 48.844874 - 0.139233
3556, 0, 0, 11 - 0, 0, 0, 0, 0.000000 - 0.000000
3557, 0, 0, 21 - 0, 0, 0, 0, 0.000000 - 0.000000
890, 1780, 1781, -1 - 1, 21, 28, 5, 49.388104 - 0.062683
893, 1786, 1787, -1 - -3, 17, -10, -7, 76.128422 - 0.554778
1771, 3542, 3543, -1 - -30, 5, -35, 8, -39.768670 - 0.092277
892, 1784, 1785, -1 - 15, -5, 21, 17, 52.299570 - 0.092980
105, 210, 211, -1 - -8, -42, -9, -9, 99.871822 - 0.894955
3543, 0, 0, 14 - 0, 0, 0, 0, 0.000000 - 0.000000
1787, 0, 0, 15 - 0, 0, 0, 0, 0.000000 - 0.000000
3542, 0, 0, 2 - 0, 0, 0, 0, 0.000000 - 0.000000
1780, 0, 0, 16 - 0, 0, 0, 0, 0.000000 - 0.000000
109, 218, 219, -1 - -24, -36, 5, -55, -43.211158 - 0.149067
1784, 0, 0, 15 - 0, 0, 0, 0, 0.000000 - 0.000000
1786, 0, 0, 14 - 0, 0, 0, 0, 0.000000 - 0.000000
1781, 0, 0, 15 - 0, 0, 0, 0, 0.000000 - 0.000000
211, 0, 0, 10 - 0, 0, 0, 0, 0.000000 - 0.000000
1770, 3540, 3541, -1 - 17, -1, 1, 1, 48.844874 - 0.083543
3540, 0, 0, 2 - 0, 0, 0, 0, 0.000000 - 0.000000
3541, 0, 0, 14 - 0, 0, 0, 0, 0.000000 - 0.000000
443, 886, 887, -1 - 19, -48, 53, 10, 70.830409 - 0.242033
1785, 3570, 3571, -1 - 0, -23, -7, 8, 64.030885 - 0.811278
3570, 0, 0, 15 - 0, 0, 0, 0, 0.000000 - 0.000000
3571, 0, 0, 14 - 0, 0, 0, 0, 0.000000 - 0.000000
219, 438, 439, -1 - 13, -18, 23, -23, 27.994629 - 0.999913
210, 420, 421, -1 - 2, -22, 24, -13, -65.581225 - 0.145137
420, 0, 0, 10 - 0, 0, 0, 0, 0.000000 - 0.000000
421, 0, 0, 2 - 0, 0, 0, 0, 0.000000 - 0.000000
886, 1772, 1773, -1 - 24, -19, -29, -7, -79.400006 - 0.156491
1772, 0, 0, 16 - 0, 0, 0, 0, 0.000000 - 0.000000
1773, 0, 0, 15 - 0, 0, 0, 0, 0.000000 - 0.000000
439, 878, 879, -1 - 12, 15, 56, -10, -18.521683 - 0.894452
878, 0, 0, 11 - 0, 0, 0, 0, 0.000000 - 0.000000
438, 876, 877, -1 - -18, 41, 2, 28, -42.667928 - 0.666578
876, 0, 0, 12 - 0, 0, 0, 0, 0.000000 - 0.000000
879, 1758, 1759, -1 - 0, 0, 49, -24, -40.684225 - 0.749595
1758, 0, 0, 16 - 0, 0, 0, 0, 0.000000 - 0.000000
1759, 0, 0, 18 - 0, 0, 0, 0, 0.000000 - 0.000000
394, 788, 789, -1 - 13, -57, -57, -12, 24.137089 - 0.004901
877, 1754, 1755, -1 - 0, -55, 46, -35, -85.839412 - 0.954434
788, 0, 0, 2 - 0, 0, 0, 0, 0.000000 - 0.000000
1754, 0, 0, 17 - 0, 0, 0, 0, 0.000000 - 0.000000
1755, 0, 0, 10 - 0, 0, 0, 0, 0.000000 - 0.000000
447, 894, 895, -1 - -37, -9, -13, 0, 54.325999 - 0.007617
895, 0, 0, 16 - 0, 0, 0, 0, 0.000000 - 0.000000
894, 0, 0, 15 - 0, 0, 0, 0, 0.000000 - 0.000000
887, 1774, 1775, -1 - -8, -2, -15, -10, -42.338328 - 0.030266
1774, 0, 0, 15 - 0, 0, 0, 0, 0.000000 - 0.000000
1775, 3550, 3551, -1 - -8, -46, -36, 5, 31.919309 - 0.011758
3550, 0, 0, 2 - 0, 0, 0, 0, 0.000000 - 0.000000
3551, 0, 0, 14 - 0, 0, 0, 0, 0.000000 - 0.000000
9, 18, 19, -1 - -29, -7, -32, 39, -70.641194 - 0.440041
218, 436, 437, -1 - -22, -26, -16, -12, -7.669301 - 0.022095
436, 0, 0, 15 - 0, 0, 0, 0, 0.000000 - 0.000000
789, 1578, 1579, -1 - 43, 29, 13, -54, 15.756706 - 0.002971
1579, 0, 0, 2 - 0, 0, 0, 0, 0.000000 - 0.000000
1578, 0, 0, 10 - 0, 0, 0, 0, 0.000000 - 0.000000
104, 208, 209, -1 - -29, -5, 17, -3, -31.076998 - 0.046220
208, 416, 417, -1 - 38, 45, 2, -15, -8.987701 - 0.845351
416, 0, 0, 6 - 0, 0, 0, 0, 0.000000 - 0.000000
417, 834, 835, -1 - 12, 15, 56, -10, -18.521683 - 0.566510
834, 0, 0, 2 - 0, 0, 0, 0, 0.000000 - 0.000000
835, 0, 0, 14 - 0, 0, 0, 0, 0.000000 - 0.000000
437, 874, 875, -1 - 23, 34, -9, -10, 45.219275 - 0.006383
874, 1748, 1749, -1 - 17, -1, 1, 1, 48.844874 - 0.578795
1749, 0, 0, 14 - 0, 0, 0, 0, 0.000000 - 0.000000
18, 36, 37, -1 - -26, 44, 23, -10, 25.144200 - 0.038665
1748, 3496, 3497, -1 - -32, 22, -1, 23, 69.286172 - 1.000000
3496, 0, 0, 10 - 0, 0, 0, 0, 0.000000 - 0.000000
3497, 0, 0, 15 - 0, 0, 0, 0, 0.000000 - 0.000000
36, 72, 73, -1 - 0, -55, 46, -35, -85.839412 - 0.899744
72, 0, 0, 10 - 0, 0, 0, 0, 0.000000 - 0.000000
73, 0, 0, 19 - 0, 0, 0, 0, 0.000000 - 0.000000
8, 16, 17, -1 - 35, -12, -16, -37, 18.570513 - 0.267878
875, 1750, 1751, -1 - -30, -5, -10, -11, 4.886013 - 0.003288
1751, 0, 0, 15 - 0, 0, 0, 0, 0.000000 - 0.000000
17, 34, 35, -1 - -49, -3, 22, 16, -89.086581 - 0.624892
37, 74, 75, -1 - -30, -6, -6, -26, 51.438948 - 0.025019
35, 70, 71, -1 - 0, -55, 46, -35, -85.839412 - 0.500674
70, 0, 0, 10 - 0, 0, 0, 0, 0.000000 - 0.000000
75, 150, 151, -1 - 41, -11, -29, -5, 92.913602 - 0.317579
151, 0, 0, 1 - 0, 0, 0, 0, 0.000000 - 0.000000
150, 300, 301, -1 - 35, -27, -29, 0, -70.488601 - 0.155163
301, 0, 0, 2 - 0, 0, 0, 0, 0.000000 - 0.000000
71, 142, 143, -1 - -12, -13, 23, -11, 36.533708 - 0.091350
143, 0, 0, 18 - 0, 0, 0, 0, 0.000000 - 0.000000
300, 600, 601, -1 - -1, -51, 43, -29, 16.751610 - 0.762841
600, 0, 0, 2 - 0, 0, 0, 0, 0.000000 - 0.000000
34, 68, 69, -1 - 7, 17, 48, 8, 46.574297 - 0.382761
601, 1202, 1203, -1 - -24, -40, 29, -33, -72.508927 - 0.468996
1203, 0, 0, 1 - 0, 0, 0, 0, 0.000000 - 0.000000
1202, 0, 0, 2 - 0, 0, 0, 0, 0.000000 - 0.000000
142, 284, 285, -1 - 21, -10, 19, 0, -61.919004 - 0.022616
284, 0, 0, 18 - 0, 0, 0, 0, 0.000000 - 0.000000
285, 0, 0, 2 - 0, 0, 0, 0, 0.000000 - 0.000000
68, 136, 137, -1 - 44, 9, 33, 47, -62.236396 - 0.373491
136, 272, 273, -1 - -36, -44, -2, -11, 41.471603 - 0.539713
137, 274, 275, -1 - 40, 42, 46, 0, 86.034730 - 0.210842
274, 0, 0, 19 - 0, 0, 0, 0, 0.000000 - 0.000000
273, 546, 547, -1 - -58, -5, -9, -5, 14.590899 - 0.979869
275, 550, 551, -1 - -58, -5, -9, -5, 14.590899 - 0.650022
272, 544, 545, -1 - 16, -42, -1, -10, -60.356456 - 0.344859
546, 0, 0, 19 - 0, 0, 0, 0, 0.000000 - 0.000000
547, 0, 0, 2 - 0, 0, 0, 0, 0.000000 - 0.000000
550, 0, 0, 18 - 0, 0, 0, 0, 0.000000 - 0.000000
551, 0, 0, 2 - 0, 0, 0, 0, 0.000000 - 0.000000
209, 418, 419, -1 - -9, -8, 25, -1, -79.729606 - 0.025897
1750, 3500, 3501, -1 - 15, 49, -50, 7, 40.665914 - 0.001887
3501, 0, 0, 14 - 0, 0, 0, 0, 0.000000 - 0.000000
544, 1088, 1089, -1 - 54, 18, 45, 4, 50.401318 - 0.836641
545, 1090, 1091, -1 - 45, 17, -2, -7, 50.547807 - 0.249882
1089, 0, 0, 18 - 0, 0, 0, 0, 0.000000 - 0.000000
1091, 0, 0, 18 - 0, 0, 0, 0, 0.000000 - 0.000000
1090, 0, 0, 19 - 0, 0, 0, 0, 0.000000 - 0.000000
1088, 0, 0, 19 - 0, 0, 0, 0, 0.000000 - 0.000000
69, 138, 139, -1 - -43, -14, 43, -16, -19.919431 - 0.056809
418, 836, 837, -1 - -1, -51, 43, -29, 16.751610 - 0.927527
837, 0, 0, 14 - 0, 0, 0, 0, 0.000000 - 0.000000
3500, 7000, 7001, -1 - 15, -49, -4, 0, 80.205695 - 0.286397
7000, 0, 0, 14 - 0, 0, 0, 0, 0.000000 - 0.000000
7001, 0, 0, 2 - 0, 0, 0, 0, 0.000000 - 0.000000
836, 1672, 1673, -1 - -12, -41, 10, -48, -98.602252 - 0.979869
1672, 0, 0, 2 - 0, 0, 0, 0, 0.000000 - 0.000000
139, 278, 279, -1 - 44, 24, 39, -42, 31.778924 - 0.393852
1673, 3346, 3347, -1 - -29, -10, -13, -33, -17.813654 - 0.985228
3346, 0, 0, 10 - 0, 0, 0, 0, 0.000000 - 0.000000
278, 556, 557, -1 - -2, -12, 29, -42, -56.230354 - 0.585573
3347, 6694, 6695, -1 - 0, -55, 46, -35, -85.839412 - 1.000000
279, 558, 559, -1 - 33, -46, 9, -30, -92.175054 - 0.113274
6694, 0, 0, 18 - 0, 0, 0, 0, 0.000000 - 0.000000
6695, 0, 0, 12 - 0, 0, 0, 0, 0.000000 - 0.000000
558, 0, 0, 2 - 0, 0, 0, 0, 0.000000 - 0.000000
559, 0, 0, 18 - 0, 0, 0, 0, 0.000000 - 0.000000
556, 1112, 1113, -1 - 31, -41, 12, -5, -88.641011 - 0.353359
1112, 0, 0, 2 - 0, 0, 0, 0, 0.000000 - 0.000000
1113, 0, 0, 18 - 0, 0, 0, 0, 0.000000 - 0.000000
74, 148, 149, -1 - 41, -11, -29, -5, 92.913602 - 0.003126
557, 1114, 1115, -1 - 0, 0, 49, -24, -40.684225 - 0.353359
1114, 0, 0, 2 - 0, 0, 0, 0, 0.000000 - 0.000000
148, 0, 0, 2 - 0, 0, 0, 0, 0.000000 - 0.000000
1115, 0, 0, 18 - 0, 0, 0, 0, 0.000000 - 0.000000
149, 298, 299, -1 - -16, -21, -23, -32, -51.670888 - 0.081105
299, 0, 0, 2 - 0, 0, 0, 0, 0.000000 - 0.000000
138, 276, 277, -1 - -13, -15, 38, -35, -78.191473 - 0.020476
276, 0, 0, 2 - 0, 0, 0, 0, 0.000000 - 0.000000
298, 596, 597, -1 - -30, 10, 3, 18, -28.531755 - 0.985228
596, 0, 0, 2 - 0, 0, 0, 0, 0.000000 - 0.000000
597, 0, 0, 1 - 0, 0, 0, 0, 0.000000 - 0.000000
277, 554, 555, -1 - -58, -5, -9, -5, 14.590899 - 0.019438
554, 0, 0, 18 - 0, 0, 0, 0, 0.000000 - 0.000000
19, 38, 39, -1 - -29, 31, 49, -25, 27.616199 - 0.158038
555, 1110, 1111, -1 - 42, -8, -45, -17, -41.184729 - 0.676942
1110, 0, 0, 2 - 0, 0, 0, 0, 0.000000 - 0.000000
1111, 0, 0, 18 - 0, 0, 0, 0, 0.000000 - 0.000000
38, 76, 77, -1 - -17, 56, -16, 13, 80.114139 - 0.477356
76, 152, 153, -1 - -1, -54, 22, -10, 69.042024 - 0.976798
152, 0, 0, 1 - 0, 0, 0, 0, 0.000000 - 0.000000
153, 306, 307, -1 - 6, 2, -17, 57, -72.069460 - 0.363332
306, 0, 0, 2 - 0, 0, 0, 0, 0.000000 - 0.000000
307, 0, 0, 3 - 0, 0, 0, 0, 0.000000 - 0.000000
77, 154, 155, -1 - -9, -49, 46, -23, 13.791314 - 0.089335
154, 0, 0, 2 - 0, 0, 0, 0, 0.000000 - 0.000000
155, 310, 311, -1 - 54, -8, -1, -20, -90.789514 - 0.202761
311, 0, 0, 2 - 0, 0, 0, 0, 0.000000 - 0.000000
310, 620, 621, -1 - 38, 26, 50, -20, -62.590411 - 0.347165
620, 1240, 1241, -1 - 48, -18, -2, 6, 61.882382 - 0.046586
1241, 0, 0, 2 - 0, 0, 0, 0, 0.000000 - 0.000000
621, 1242, 1243, -1 - -22, 8, -1, -17, -84.740745 - 0.384458
419, 838, 839, -1 - 31, -2, -17, -2, 25.778985 - 0.008661
1240, 2480, 2481, -1 - -19, -8, -22, -2, 16.177862 - 0.254081
2480, 0, 0, 2 - 0, 0, 0, 0, 0.000000 - 0.000000
1243, 2486, 2487, -1 - 12, -7, 8, -21, 56.028932 - 0.135303
2486, 0, 0, 2 - 0, 0, 0, 0, 0.000000 - 0.000000
1242, 2484, 2485, -1 - -7, -21, 48, -14, 18.454543 - 0.551002
2481, 4962, 4963, -1 - -8, -8, -7, -2, 31.424909 - 1.000000
2484, 0, 0, 2 - 0, 0, 0, 0, 0.000000 - 0.000000
4962, 0, 0, 2 - 0, 0, 0, 0, 0.000000 - 0.000000
4963, 0, 0, 1 - 0, 0, 0, 0, 0.000000 - 0.000000
2487, 4974, 4975, -1 - 0, 0, 49, -24, -40.684225 - 1.000000
839, 1678, 1679, -1 - 23, -3, 44, -14, 74.083682 - 0.267827
4974, 0, 0, 2 - 0, 0, 0, 0, 0.000000 - 0.000000
4975, 0, 0, 1 - 0, 0, 0, 0, 0.000000 - 0.000000
2485, 4970, 4971, -1 - 39, -1, -26, 19, -95.355083 - 0.111037
4971, 0, 0, 1 - 0, 0, 0, 0, 0.000000 - 0.000000
1679, 3358, 3359, -1 - -29, -10, -13, -33, -17.813654 - 0.985228
3358, 0, 0, 10 - 0, 0, 0, 0, 0.000000 - 0.000000
3359, 0, 0, 14 - 0, 0, 0, 0, 0.000000 - 0.000000
4970, 9940, 9941, -1 - -44, -6, -24, 0, 33.817560 - 1.000000
9940, 0, 0, 1 - 0, 0, 0, 0, 0.000000 - 0.000000
9941, 0, 0, 2 - 0, 0, 0, 0, 0.000000 - 0.000000
1678, 3356, 3357, -1 - -9, -28, 2, -14, 47.758415 - 0.093778
3356, 0, 0, 2 - 0, 0, 0, 0, 0.000000 - 0.000000
3357, 0, 0, 10 - 0, 0, 0, 0, 0.000000 - 0.000000
838, 1676, 1677, -1 - 0, 6, 29, 2, -90.618610 - 0.002362
1677, 0, 0, 2 - 0, 0, 0, 0, 0.000000 - 0.000000
1676, 3352, 3353, -1 - 18, 18, -30, 6, 9.897153 - 0.237508
3352, 0, 0, 10 - 0, 0, 0, 0, 0.000000 - 0.000000
3353, 0, 0, 2 - 0, 0, 0, 0, 0.000000 - 0.000000
16, 32, 33, -1 - 32, -28, -35, -28, 34.067812 - 0.045708
39, 78, 79, -1 - -14, -21, 52, -13, 71.288186 - 0.085302
33, 66, 67, -1 - -9, -28, 2, -14, 47.758415 - 0.727396
67, 134, 135, -1 - -22, -28, -17, 5, -2.255318 - 0.459315
134, 0, 0, 19 - 0, 0, 0, 0, 0.000000 - 0.000000
135, 0, 0, 10 - 0, 0, 0, 0, 0.000000 - 0.000000
66, 132, 133, -1 - -15, -48, 35, -16, 26.859340 - 0.523231
133, 0, 0, 2 - 0, 0, 0, 0, 0.000000 - 0.000000
132, 264, 265, -1 - 45, 1, 30, 26, -23.020112 - 0.999198
265, 0, 0, 19 - 0, 0, 0, 0, 0.000000 - 0.000000
264, 528, 529, -1 - 0, -55, 46, -35, -85.839412 - 0.205593
528, 0, 0, 10 - 0, 0, 0, 0, 0.000000 - 0.000000
529, 0, 0, 18 - 0, 0, 0, 0, 0.000000 - 0.000000
78, 156, 157, -1 - 50, -30, 12, -58, -25.333415 - 0.109013
157, 314, 315, -1 - 54, -8, -1, -20, -90.789514 - 0.245069
314, 0, 0, 1 - 0, 0, 0, 0, 0.000000 - 0.000000
315, 630, 631, -1 - -2, 2, 21, -39, 47.770623 - 0.035072
630, 0, 0, 2 - 0, 0, 0, 0, 0.000000 - 0.000000
631, 1262, 1263, -1 - 34, -4, -5, -34, 3.012177 - 0.650022
1262, 0, 0, 1 - 0, 0, 0, 0, 0.000000 - 0.000000
1263, 0, 0, 2 - 0, 0, 0, 0, 0.000000 - 0.000000
156, 312, 313, -1 - 55, -8, 41, -43, -19.577624 - 0.114046
312, 624, 625, -1 - 21, -39, 22, -5, 56.346324 - 0.541181
624, 0, 0, 2 - 0, 0, 0, 0, 0.000000 - 0.000000
625, 1250, 1251, -1 - 48, -16, -41, 3, -81.066317 - 0.642825
1251, 0, 0, 2 - 0, 0, 0, 0, 0.000000 - 0.000000
1250, 2500, 2501, -1 - -21, 27, 21, 29, 57.890561 - 0.134586
2500, 0, 0, 1 - 0, 0, 0, 0, 0.000000 - 0.000000
79, 158, 159, -1 - 50, -32, 24, -32, 4.745628 - 0.033100
2501, 5002, 5003, -1 - -7, 1, 50, -16, -79.155858 - 0.688201
5003, 0, 0, 1 - 0, 0, 0, 0, 0.000000 - 0.000000
5002, 10004, 10005, -1 - 12, 15, 56, -10, -18.521683 - 0.591673
10004, 0, 0, 2 - 0, 0, 0, 0, 0.000000 - 0.000000
10005, 0, 0, 1 - 0, 0, 0, 0, 0.000000 - 0.000000
159, 318, 319, -1 - 53, -3, 48, -34, -40.055544 - 0.454277
318, 636, 637, -1 - 47, -31, -5, 3, 98.321482 - 0.205202
637, 0, 0, 2 - 0, 0, 0, 0, 0.000000 - 0.000000
636, 1272, 1273, -1 - 0, 0, -25, 17, -48.710593 - 0.979869
313, 626, 627, -1 - 8, -21, 2, -42, -55.247658 - 0.094746
1272, 0, 0, 2 - 0, 0, 0, 0, 0.000000 - 0.000000
1273, 0, 0, 1 - 0, 0, 0, 0, 0.000000 - 0.000000
319, 638, 639, -1 - 50, -30, 12, -58, -25.333415 - 0.067176
638, 0, 0, 1 - 0, 0, 0, 0, 0.000000 - 0.000000
627, 1254, 1255, -1 - -3, 7, -12, -9, 27.780999 - 0.435458
639, 1278, 1279, -1 - 3, 7, 19, 14, -1.077303 - 0.391698
1278, 0, 0, 1 - 0, 0, 0, 0, 0.000000 - 0.000000
1279, 2558, 2559, -1 - 19, 31, 2, -19, 30.289621 - 0.358463
2559, 0, 0, 1 - 0, 0, 0, 0, 0.000000 - 0.000000
1254, 2508, 2509, -1 - 3, -40, -14, -3, 11.429182 - 0.222890
2558, 5116, 5117, -1 - 15, -3, 8, 10, -0.198370 - 0.356183
1255, 2510, 2511, -1 - -7, 43, -2, -45, 73.100986 - 0.208049
2509, 5018, 5019, -1 - -22, -28, -17, 5, -2.255318 - 0.629249
5018, 0, 0, 1 - 0, 0, 0, 0, 0.000000 - 0.000000
5019, 0, 0, 2 - 0, 0, 0, 0, 0.000000 - 0.000000
5116, 10232, 10233, -1 - -11, 25, 6, -1, -68.504898 - 0.721928
10232, 0, 0, 2 - 0, 0, 0, 0, 0.000000 - 0.000000
10233, 0, 0, 1 - 0, 0, 0, 0, 0.000000 - 0.000000
5117, 10234, 10235, -1 - -42, 28, 8, -23, 62.401196 - 0.309543
2511, 5022, 5023, -1 - -29, -14, -5, 3, 53.550829 - 0.663129
2508, 5016, 5017, -1 - 49, -27, 0, -3, -76.360363 - 0.074751
10234, 0, 0, 1 - 0, 0, 0, 0, 0.000000 - 0.000000
10235, 0, 0, 2 - 0, 0, 0, 0, 0.000000 - 0.000000
5016, 0, 0, 1 - 0, 0, 0, 0, 0.000000 - 0.000000
2510, 5020, 5021, -1 - -1, 6, 8, 29, -4.959258 - 0.093558
5023, 10046, 10047, -1 - -2, 4, 23, -33, 54.435865 - 0.146094
5022, 10044, 10045, -1 - 0, -49, 34, 18, -9.982604 - 0.427869
10047, 0, 0, 1 - 0, 0, 0, 0, 0.000000 - 0.000000
10046, 0, 0, 2 - 0, 0, 0, 0, 0.000000 - 0.000000
10045, 0, 0, 1 - 0, 0, 0, 0, 0.000000 - 0.000000
5017, 10034, 10035, -1 - -30, 0, 0, 8, 50.321970 - 0.048875
5020, 10040, 10041, -1 - 24, -6, 0, 1, -4.129154 - 0.522738
10041, 0, 0, 1 - 0, 0, 0, 0, 0.000000 - 0.000000
10044, 20088, 20089, -1 - 10, 9, 5, 6, 99.450667 - 0.650022
20088, 0, 0, 2 - 0, 0, 0, 0, 0.000000 - 0.000000
20089, 0, 0, 1 - 0, 0, 0, 0, 0.000000 - 0.000000
5021, 10042, 10043, -1 - 5, -50, -35, 5, -81.823176 - 0.021413
10040, 20080, 20081, -1 - 0, -43, -15, -45, -88.470107 - 0.831474
10034, 20068, 20069, -1 - -44, -6, -24, 0, 33.817560 - 0.918296
10043, 0, 0, 1 - 0, 0, 0, 0, 0.000000 - 0.000000
20080, 0, 0, 2 - 0, 0, 0, 0, 0.000000 - 0.000000
20068, 0, 0, 2 - 0, 0, 0, 0, 0.000000 - 0.000000
20081, 0, 0, 1 - 0, 0, 0, 0, 0.000000 - 0.000000
20069, 0, 0, 1 - 0, 0, 0, 0, 0.000000 - 0.000000
10035, 20070, 20071, -1 - -15, -25, 35, -43, 47.636341 - 0.041594
10042, 20084, 20085, -1 - 0, 6, 6, 7, -49.992370 - 0.811278
626, 1252, 1253, -1 - 5, 13, 24, -38, 39.182714 - 0.037412
20070, 0, 0, 2 - 0, 0, 0, 0, 0.000000 - 0.000000
20071, 0, 0, 1 - 0, 0, 0, 0, 0.000000 - 0.000000
20084, 0, 0, 2 - 0, 0, 0, 0, 0.000000 - 0.000000
20085, 0, 0, 1 - 0, 0, 0, 0, 0.000000 - 0.000000
1253, 2506, 2507, -1 - 12, -47, 1, 12, -37.388226 - 0.022555
2507, 0, 0, 1 - 0, 0, 0, 0, 0.000000 - 0.000000
1252, 2504, 2505, -1 - 11, -42, 6, 13, 75.206763 - 0.137523
2506, 5012, 5013, -1 - -6, 8, -25, -6, -83.574938 - 0.190332
5013, 0, 0, 1 - 0, 0, 0, 0, 0.000000 - 0.000000
5012, 10024, 10025, -1 - 45, -12, 38, -1, -1.907407 - 0.777498
10025, 0, 0, 1 - 0, 0, 0, 0, 0.000000 - 0.000000
2504, 5008, 5009, -1 - -24, -14, 27, -29, 0.369274 - 0.371394
10024, 20048, 20049, -1 - 15, -14, -3, 8, 23.398541 - 0.439497
20049, 0, 0, 1 - 0, 0, 0, 0, 0.000000 - 0.000000
20048, 0, 0, 2 - 0, 0, 0, 0, 0.000000 - 0.000000
5008, 10016, 10017, -1 - 37, 12, -2, 15, -80.242317 - 0.412955
5009, 10018, 10019, -1 - -50, 6, -2, 13, 55.485702 - 0.280059
10016, 0, 0, 1 - 0, 0, 0, 0, 0.000000 - 0.000000
10017, 20034, 20035, -1 - 12, -4, -19, 13, 59.050264 - 0.721928
10018, 20036, 20037, -1 - 10, -44, 1, 2, 26.932585 - 0.627474
10019, 20038, 20039, -1 - 33, 12, 14, -43, 53.758354 - 0.089703
20034, 0, 0, 2 - 0, 0, 0, 0, 0.000000 - 0.000000
20035, 0, 0, 1 - 0, 0, 0, 0, 0.000000 - 0.000000
20038, 0, 0, 2 - 0, 0, 0, 0, 0.000000 - 0.000000
20039, 0, 0, 1 - 0, 0, 0, 0, 0.000000 - 0.000000
20036, 40072, 40073, -1 - -28, 1, 50, 11, -4.000977 - 0.453716
20037, 40074, 40075, -1 - -7, -35, 5, -41, 7.480087 - 0.286397
40072, 0, 0, 1 - 0, 0, 0, 0, 0.000000 - 0.000000
40073, 0, 0, 2 - 0, 0, 0, 0, 0.000000 - 0.000000
40074, 0, 0, 1 - 0, 0, 0, 0, 0.000000 - 0.000000
40075, 0, 0, 2 - 0, 0, 0, 0, 0.000000 - 0.000000
2505, 5010, 5011, -1 - 8, -33, 27, 19, 42.454299 - 0.048826
5010, 10020, 10021, -1 - 35, 10, 0, -15, 3.994873 - 0.089784
158, 316, 317, -1 - 48, -16, -41, 3, -81.066317 - 0.030690
5011, 10022, 10023, -1 - 14, -37, -43, -4, -15.506455 - 0.006602
10023, 0, 0, 1 - 0, 0, 0, 0, 0.000000 - 0.000000
317, 634, 635, -1 - 36, 30, -26, 32, 42.197943 - 0.271390
634, 0, 0, 2 - 0, 0, 0, 0, 0.000000 - 0.000000
635, 0, 0, 1 - 0, 0, 0, 0, 0.000000 - 0.000000
10022, 20044, 20045, -1 - 28, 15, 2, -8, 4.519791 - 0.076377
20045, 0, 0, 1 - 0, 0, 0, 0, 0.000000 - 0.000000
10020, 20040, 20041, -1 - 8, 7, 15, -42, -63.994263 - 0.228095
10021, 20042, 20043, -1 - 10, -22, 9, -40, -71.672720 - 0.049240
20044, 40088, 40089, -1 - -44, -6, -24, 0, 33.817560 - 0.918296
20042, 0, 0, 1 - 0, 0, 0, 0, 0.000000 - 0.000000
40088, 0, 0, 2 - 0, 0, 0, 0, 0.000000 - 0.000000
40089, 0, 0, 1 - 0, 0, 0, 0, 0.000000 - 0.000000
20041, 40082, 40083, -1 - 37, 12, -2, 15, -80.242317 - 0.318271
40082, 0, 0, 1 - 0, 0, 0, 0, 0.000000 - 0.000000
20043, 40086, 40087, -1 - -4, -38, 3, -10, -1.223792 - 0.173095
20040, 40080, 40081, -1 - 2, 51, 6, 21, 29.117710 - 0.137440
40086, 0, 0, 2 - 0, 0, 0, 0, 0.000000 - 0.000000
40083, 80166, 80167, -1 - 8, 18, 11, 3, -97.857601 - 0.191433
80166, 0, 0, 1 - 0, 0, 0, 0, 0.000000 - 0.000000
80167, 0, 0, 2 - 0, 0, 0, 0, 0.000000 - 0.000000
40081, 80162, 80163, -1 - 56, -18, -21, -18, -2.127140 - 0.507334
40087, 80174, 80175, -1 - -3, 15, -41, 3, -46.983245 - 0.272843
80175, 0, 0, 1 - 0, 0, 0, 0, 0.000000 - 0.000000
40080, 80160, 80161, -1 - 22, -46, -39, -23, -51.884518 - 0.071167
80161, 0, 0, 1 - 0, 0, 0, 0, 0.000000 - 0.000000
80174, 160348, 160349, -1 - -44, -6, -24, 0, 33.817560 - 0.918296
80162, 160324, 160325, -1 - -40, -12, 2, -29, 66.100040 - 0.327024
80163, 160326, 160327, -1 - -6, -28, 0, 0, -29.728080 - 0.119116
80160, 160320, 160321, -1 - 50, 25, 10, -6, 34.983367 - 0.970951
160348, 0, 0, 2 - 0, 0, 0, 0, 0.000000 - 0.000000
160349, 0, 0, 1 - 0, 0, 0, 0, 0.000000 - 0.000000
160324, 0, 0, 1 - 0, 0, 0, 0, 0.000000 - 0.000000
160327, 0, 0, 1 - 0, 0, 0, 0, 0.000000 - 0.000000
160326, 0, 0, 2 - 0, 0, 0, 0, 0.000000 - 0.000000
160321, 0, 0, 1 - 0, 0, 0, 0, 0.000000 - 0.000000
160320, 0, 0, 2 - 0, 0, 0, 0, 0.000000 - 0.000000
160325, 320650, 320651, -1 - -3, 18, -26, -33, -87.755974 - 0.208634
320651, 0, 0, 1 - 0, 0, 0, 0, 0.000000 - 0.000000
320650, 641300, 641301, -1 - -7, -25, 13, 13, -94.958342 - 0.216085
641301, 0, 0, 2 - 0, 0, 0, 0, 0.000000 - 0.000000
641300, 1282600, 1282601, -1 - -8, 7, 3, 21, -55.565050 - 1.000000
1282600, 0, 0, 1 - 0, 0, 0, 0, 0.000000 - 0.000000
1282601, 0, 0, 2 - 0, 0, 0, 0, 0.000000 - 0.000000
32, 64, 65, -1 - -22, 53, -1, -13, -25.327311 - 0.014045
64, 128, 129, -1 - 46, 3, 7, -52, -84.398938 - 0.276393
129, 0, 0, 3 - 0, 0, 0, 0, 0.000000 - 0.000000
128, 256, 257, -1 - 27, 17, 14, 28, 49.656667 - 0.138866
257, 0, 0, 6 - 0, 0, 0, 0, 0.000000 - 0.000000
256, 512, 513, -1 - 5, 23, 0, -1, 48.203986 - 0.024983
513, 1026, 1027, -1 - -44, -6, -24, 0, 33.817560 - 0.970951
1026, 0, 0, 6 - 0, 0, 0, 0, 0.000000 - 0.000000
1027, 0, 0, 2 - 0, 0, 0, 0, 0.000000 - 0.000000
512, 1024, 1025, -1 - -11, -31, -27, 10, 22.714927 - 0.011642
1024, 0, 0, 3 - 0, 0, 0, 0, 0.000000 - 0.000000
1025, 0, 0, 2 - 0, 0, 0, 0, 0.000000 - 0.000000
316, 632, 633, -1 - 38, 26, 50, -20, -62.590411 - 0.008385
633, 0, 0, 1 - 0, 0, 0, 0, 0.000000 - 0.000000
632, 1264, 1265, -1 - -25, 6, 32, 31, 74.480422 - 0.138728
1265, 2530, 2531, -1 - 48, -18, -2, 6, 61.882382 - 0.538783
2531, 0, 0, 2 - 0, 0, 0, 0, 0.000000 - 0.000000
1264, 2528, 2529, -1 - 28, -6, -30, 32, -68.669698 - 0.065702
2530, 5060, 5061, -1 - 0, -2, 54, -16, 84.276864 - 0.480550
2528, 0, 0, 1 - 0, 0, 0, 0, 0.000000 - 0.000000
2529, 0, 0, 2 - 0, 0, 0, 0, 0.000000 - 0.000000
5060, 0, 0, 1 - 0, 0, 0, 0, 0.000000 - 0.000000
5061, 10122, 10123, -1 - 12, 8, 43, -35, 31.028169 - 0.721928
10122, 0, 0, 2 - 0, 0, 0, 0, 0.000000 - 0.000000
10123, 0, 0, 1 - 0, 0, 0, 0, 0.000000 - 0.000000
65, 130, 131, -1 - 30, -4, 24, -13, 51.371807 - 0.001997
131, 262, 263, -1 - 20, -12, -31, -50, 6.796472 - 0.044330
263, 526, 527, -1 - -2, 14, -56, -3, 15.640736 - 0.899744
526, 0, 0, 2 - 0, 0, 0, 0, 0.000000 - 0.000000
527, 0, 0, 18 - 0, 0, 0, 0, 0.000000 - 0.000000
262, 524, 525, -1 - 23, -3, 44, -14, 74.083682 - 0.036041
525, 0, 0, 18 - 0, 0, 0, 0, 0.000000 - 0.000000
524, 1048, 1049, -1 - 0, -55, 46, -35, -85.839412 - 0.019990
1048, 0, 0, 10 - 0, 0, 0, 0, 0.000000 - 0.000000
1049, 0, 0, 2 - 0, 0, 0, 0, 0.000000 - 0.000000
130, 260, 261, -1 - -14, -38, 29, 1, -28.476821 - 0.000521
261, 0, 0, 2 - 0, 0, 0, 0, 0.000000 - 0.000000
260, 520, 521, -1 - -25, 34, 54, -23, 15.787225 - 0.057939
520, 0, 0, 14 - 0, 0, 0, 0, 0.000000 - 0.000000
521, 0, 0, 2 - 0, 0, 0, 0, 0.000000 - 0.000000
