Format: index, leftIndex, rightIndex, class - uX, uY, vX, vY, thresh - Score
1, 2, 3, -1 - 6, -56, -58, 0, 31.272317 - 0.592889
2, 4, 5, -1 - 40, 3, 1, 0, 41.184729 - 0.600939
3, 6, 7, -1 - 2, -20, -11, 0, 86.736656 - 0.655749
4, 8, 9, -1 - -34, -1, 46, -14, 53.910947 - 0.501912
5, 10, 11, -1 - 1, 16, -47, -9, -63.621937 - 0.969523
6, 12, 13, -1 - -29, -20, -7, -33, -36.912137 - 0.704603
7, 14, 15, -1 - -4, 2, -42, -12, -26.371044 - 0.694537
8, 16, 17, -1 - 35, -12, -16, -37, 18.570513 - 0.267878
9, 18, 19, -1 - -29, -7, -32, 39, -70.641194 - 0.440041
10, 20, 21, -1 - 51, 3, -19, 53, 92.352062 - 0.020020
11, 22, 23, -1 - -42, -23, 46, 12, -58.098086 - 0.976465
12, 24, 25, -1 - 45, -20, -55, -20, 93.823054 - 0.789717
13, 26, 27, -1 - 18, -2, -25, -21, 11.502426 - 0.586379
14, 28, 29, -1 - 39, 23, 28, -20, -71.727653 - 0.905971
15, 30, 31, -1 - -8, -18, -31, 39, 98.370312 - 0.641592
16, 32, 33, -1 - 32, -28, -35, -28, 34.067812 - 0.045708
17, 34, 35, -1 - -49, -3, 22, 16, -89.086581 - 0.624892
18, 36, 37, -1 - -26, 44, 23, -10, 25.144200 - 0.038665
19, 38, 39, -1 - -29, 31, 49, -25, 27.616199 - 0.158038
20, 40, 41, -1 - -22, -24, 3, -6, 84.496597 - 0.890492
21, 42, 43, -1 - -8, 7, 3, 21, -55.565050 - 0.009574
22, 44, 45, -1 - 44, -15, -35, -30, 93.139439 - 0.861896
23, 46, 47, -1 - -8, 27, 1, -42, -2.059999 - 0.826425
24, 48, 49, -1 - 29, -41, -32, -21, 48.509171 - 0.547340
25, 50, 51, -1 - 22, 22, 25, -53, -24.961089 - 0.862879
26, 52, 53, -1 - 7, 2, -47, -13, 12.137211 - 0.265349
27, 54, 55, -1 - 52, 1, 6, -19, 54.991302 - 0.465860
28, 56, 57, -1 - 51, 1, 31, -12, -21.518601 - 0.395998
29, 58, 59, -1 - 24, 23, 44, 36, -26.480911 - 0.906760
30, 60, 61, -1 - 26, -52, -49, -21, 21.170690 - 0.930245
31, 62, 63, -1 - -8, 7, 3, -22, -32.316050 - 0.252182
32, 64, 65, -1 - -22, 53, -1, -13, -25.327311 - 0.014045
33, 66, 67, -1 - -9, -28, 2, -14, 47.758415 - 0.727396
34, 68, 69, -1 - 7, 17, 48, 8, 46.574297 - 0.382761
35, 70, 71, -1 - 0, -55, 46, -35, -85.839412 - 0.500674
36, 72, 73, -1 - 0, -55, 46, -35, -85.839412 - 0.899744
37, 74, 75, -1 - -30, -6, -6, -26, 51.438948 - 0.025019
38, 76, 77, -1 - -17, 56, -16, 13, 80.114139 - 0.477356
39, 78, 79, -1 - -14, -21, 52, -13, 71.288186 - 0.085302
40, 80, 81, -1 - 38, 45, 2, -15, -8.987701 - 1.000000
41, 0, 0, 2 - 0, 0, 0, 0, 0.000000 - 0.000000
42, 82, 83, -1 - 18, -9, -13, 1, -72.283090 - 0.970951
43, 84, 85, -1 - -4, 9, -13, -52, -18.033387 - 0.006677
44, 86, 87, -1 - -39, -21, -30, -30, -13.418989 - 0.208619
45, 88, 89, -1 - 14, 3, -10, 12, -51.701407 - 0.889217
46, 90, 91, -1 - -50, -1, -15, 21, 24.332408 - 0.483826
47, 92, 93, -1 - -5, -9, -8, 52, 74.584185 - 0.988514
48, 94, 95, -1 - -8, -46, -36, 5, 31.919309 - 0.859276
49, 96, 97, -1 - -17, -15, -9, -33, -91.027558 - 0.103151
50, 98, 99, -1 - 53, -12, 32, -44, -83.989990 - 0.067187
51, 100, 101, -1 - -7, 43, -2, -45, 73.100986 - 0.999998
52, 102, 103, -1 - -4, -35, -34, -40, 81.334880 - 0.080643
53, 104, 105, -1 - -41, 19, 19, 39, -26.529740 - 0.909300
54, 106, 107, -1 - -8, -57, -58, -14, 32.474746 - 0.320772
55, 108, 109, -1 - 58, -8, 1, 4, 94.409009 - 0.804097
56, 110, 111, -1 - 13, -56, -8, -9, 65.221107 - 0.969723
57, 112, 113, -1 - -22, -36, 14, 50, -98.278756 - 0.091007
58, 114, 115, -1 - 28, -4, 43, 2, -84.344005 - 0.133641
59, 116, 117, -1 - -17, -23, -20, -45, -17.307047 - 0.999994
60, 118, 119, -1 - -9, -19, -1, -7, -81.340983 - 0.534052
61, 120, 121, -1 - 38, -30, 36, -17, 34.128849 - 0.952174
62, 122, 123, -1 - -18, 35, 14, -40, -25.174718 - 0.065819
63, 124, 125, -1 - -44, -20, 28, -27, -88.421278 - 0.395916
64, 126, 127, -1 - 46, 3, 7, -52, -84.398938 - 0.276393
65, 128, 129, -1 - 30, -4, 24, -13, 51.371807 - 0.001997
66, 130, 131, -1 - -15, -48, 35, -16, 26.859340 - 0.523231
67, 132, 133, -1 - -22, -28, -17, 5, -2.255318 - 0.459315
68, 134, 135, -1 - 44, 9, 33, 47, -62.236396 - 0.373491
69, 136, 137, -1 - -43, -14, 43, -16, -19.919431 - 0.056809
70, 0, 0, 10 - 0, 0, 0, 0, 0.000000 - 0.000000
71, 138, 139, -1 - -12, -13, 23, -11, 36.533708 - 0.091350
72, 0, 0, 10 - 0, 0, 0, 0, 0.000000 - 0.000000
73, 0, 0, 19 - 0, 0, 0, 0, 0.000000 - 0.000000
74, 140, 141, -1 - 41, -11, -29, -5, 92.913602 - 0.003126
75, 142, 143, -1 - 41, -11, -29, -5, 92.913602 - 0.317579
76, 144, 145, -1 - -1, -54, 22, -10, 69.042024 - 0.976798
77, 146, 147, -1 - -9, -49, 46, -23, 13.791314 - 0.089335
78, 148, 149, -1 - 50, -30, 12, -58, -25.333415 - 0.109013
79, 150, 151, -1 - 50, -32, 24, -32, 4.745628 - 0.033100
80, 152, 153, -1 - 18, -9, -13, 1, -72.283090 - 1.000000
81, 0, 0, 16 - 0, 0, 0, 0, 0.000000 - 0.000000
82, 0, 0, 4 - 0, 0, 0, 0, 0.000000 - 0.000000
83, 0, 0, 5 - 0, 0, 0, 0, 0.000000 - 0.000000
84, 154, 155, -1 - 55, 3, -24, -36, -41.489914 - 0.003667
85, 0, 0, 4 - 0, 0, 0, 0, 0.000000 - 0.000000
86, 156, 157, -1 - 18, -9, -13, 1, -72.283090 - 0.122292
87, 158, 159, -1 - 44, 9, 33, 47, -62.236396 - 0.048113
88, 160, 161, -1 - 47, 15, 45, -18, 48.710593 - 0.088375
89, 162, 163, -1 - 49, -21, 18, -46, 42.863247 - 0.301666
90, 164, 165, -1 - 17, -1, 1, 1, 48.844874 - 0.925565
91, 166, 167, -1 - 28, -24, 22, -16, 65.276040 - 0.081463
92, 168, 169, -1 - -13, -56, -11, -7, 9.006012 - 0.792972
93, 170, 171, -1 - 14, -6, 14, 28, -26.566362 - 0.053039
94, 0, 0, 15 - 0, 0, 0, 0, 0.000000 - 0.000000
95, 172, 173, -1 - 18, -9, -13, 1, -72.283090 - 0.034176
96, 174, 175, -1 - -45, -13, -34, -4, -1.565600 - 0.068822
97, 176, 177, -1 - 15, -23, -26, -47, -81.188391 - 0.839308
98, 178, 179, -1 - -6, -28, 0, 0, -29.728080 - 0.337290
99, 180, 181, -1 - 7, 7, 57, -3, 76.940214 - 0.030818
100, 182, 183, -1 - 21, -22, 14, 53, -79.308451 - 0.467107
101, 184, 185, -1 - 23, -21, -15, -25, 35.764641 - 0.854286
102, 186, 187, -1 - -29, -5, 17, -3, -31.076998 - 0.046220
103, 188, 189, -1 - -8, -42, -9, -9, 99.871822 - 0.894955
104, 190, 191, -1 - -9, -6, -5, 58, -41.966002 - 0.942585
105, 192, 193, -1 - -47, -18, 0, 1, -12.613300 - 0.868683
106, 194, 195, -1 - -8, -51, 23, -28, 73.491623 - 0.751820
107, 196, 197, -1 - -24, -36, 5, -55, -43.211158 - 0.149067
108, 198, 199, -1 - 7, -54, -41, -15, 37.076937 - 0.787150
109, 200, 201, -1 - 12, -52, 7, 24, 96.429334 - 0.680156
110, 202, 203, -1 - -45, -13, -22, 51, -28.250984 - 0.217836
111, 0, 0, 2 - 0, 0, 0, 0, 0.000000 - 0.000000
112, 204, 205, -1 - -5, 2, -22, -37, 16.067995 - 0.844325
113, 206, 207, -1 - -55, 5, 40, 21, -48.448134 - 0.019118
114, 208, 209, -1 - 1, -8, 0, 12, 6.967376 - 0.384312
115, 210, 211, -1 - -46, -33, 0, 16, -77.623829 - 0.019152
116, 212, 213, -1 - 3, -25, -5, -4, 97.283853 - 0.617836
117, 214, 215, -1 - -19, -17, 12, 0, 46.525468 - 0.209596
118, 216, 217, -1 - -39, -21, -30, -30, -13.418989 - 0.034811
119, 218, 219, -1 - -26, 3, -10, -22, -58.983123 - 0.133078
120, 220, 221, -1 - -39, -21, -30, -30, -13.418989 - 0.640944
121, 222, 223, -1 - -27, -15, 12, -43, -90.673544 - 0.059364
122, 224, 225, -1 - -9, 9, 21, -52, -6.521805 - 0.026650
123, 226, 227, -1 - 12, 15, 56, -10, -18.521683 - 0.550984
124, 228, 229, -1 - 17, -1, 1, 1, 48.844874 - 0.987693
125, 0, 0, 7 - 0, 0, 0, 0, 0.000000 - 0.000000
126, 230, 231, -1 - 27, 17, 14, 28, 49.656667 - 0.138866
127, 0, 0, 3 - 0, 0, 0, 0, 0.000000 - 0.000000
128, 232, 233, -1 - -14, -38, 29, 1, -28.476821 - 0.000521
129, 234, 235, -1 - 20, -12, -31, -50, 6.796472 - 0.044330
130, 236, 237, -1 - 45, 1, 30, 26, -23.020112 - 0.999198
131, 0, 0, 2 - 0, 0, 0, 0, 0.000000 - 0.000000
132, 0, 0, 19 - 0, 0, 0, 0, 0.000000 - 0.000000
133, 0, 0, 10 - 0, 0, 0, 0, 0.000000 - 0.000000
134, 238, 239, -1 - -36, -44, -2, -11, 41.471603 - 0.539713
135, 240, 241, -1 - 40, 42, 46, 0, 86.034730 - 0.210842
136, 242, 243, -1 - -13, -15, 38, -35, -78.191473 - 0.020476
137, 244, 245, -1 - 44, 24, 39, -42, 31.778924 - 0.393852
138, 246, 247, -1 - 21, -10, 19, 0, -61.919004 - 0.022616
139, 0, 0, 18 - 0, 0, 0, 0, 0.000000 - 0.000000
140, 0, 0, 2 - 0, 0, 0, 0, 0.000000 - 0.000000
141, 248, 249, -1 - -16, -21, -23, -32, -51.670888 - 0.081105
142, 250, 251, -1 - 35, -27, -29, 0, -70.488601 - 0.155163
143, 0, 0, 1 - 0, 0, 0, 0, 0.000000 - 0.000000
144, 0, 0, 1 - 0, 0, 0, 0, 0.000000 - 0.000000
145, 252, 253, -1 - 6, 2, -17, 57, -72.069460 - 0.363332
146, 0, 0, 2 - 0, 0, 0, 0, 0.000000 - 0.000000
147, 254, 255, -1 - 54, -8, -1, -20, -90.789514 - 0.202761
148, 256, 257, -1 - 55, -8, 41, -43, -19.577624 - 0.114046
149, 258, 259, -1 - 54, -8, -1, -20, -90.789514 - 0.245069
150, 260, 261, -1 - 48, -16, -41, 3, -81.066317 - 0.030690
151, 262, 263, -1 - 53, -3, 48, -34, -40.055544 - 0.454277
152, 0, 0, 1 - 0, 0, 0, 0, 0.000000 - 0.000000
153, 0, 0, 3 - 0, 0, 0, 0, 0.000000 - 0.000000
154, 264, 265, -1 - 54, 18, 45, 4, 50.401318 - 0.918296
155, 0, 0, 3 - 0, 0, 0, 0, 0.000000 - 0.000000
156, 0, 0, 1 - 0, 0, 0, 0, 0.000000 - 0.000000
157, 0, 0, 21 - 0, 0, 0, 0, 0.000000 - 0.000000
158, 266, 267, -1 - -3, -12, -36, -14, 9.720145 - 0.822253
159, 268, 269, -1 - -20, -16, 43, 16, 77.770318 - 0.010615
160, 270, 271, -1 - 33, -19, 38, 37, -58.537553 - 0.031908
161, 0, 0, 19 - 0, 0, 0, 0, 0.000000 - 0.000000
162, 272, 273, -1 - -21, -37, -10, 22, 24.344615 - 0.996792
163, 274, 275, -1 - 17, -1, 1, 1, 48.844874 - 0.044525
164, 276, 277, -1 - 15, -50, -11, -55, 68.346202 - 0.994813
165, 278, 279, -1 - -11, 24, -1, -3, 43.052461 - 0.680794
166, 280, 281, -1 - 25, 50, 21, -41, -29.728080 - 0.009060
167, 282, 283, -1 - 8, 20, -41, 26, 88.891263 - 0.801412
168, 0, 0, 18 - 0, 0, 0, 0, 0.000000 - 0.000000
169, 284, 285, -1 - 18, -9, -13, 1, -72.283090 - 0.056525
170, 0, 0, 4 - 0, 0, 0, 0, 0.000000 - 0.000000
171, 0, 0, 5 - 0, 0, 0, 0, 0.000000 - 0.000000
172, 0, 0, 11 - 0, 0, 0, 0, 0.000000 - 0.000000
173, 0, 0, 2 - 0, 0, 0, 0, 0.000000 - 0.000000
174, 286, 287, -1 - -20, 34, 47, -24, -85.009308 - 0.213580
175, 288, 289, -1 - -9, -3, -57, -8, 10.556352 - 0.015388
176, 290, 291, -1 - -6, -3, 28, -17, -16.379284 - 0.195909
177, 292, 293, -1 - -31, -23, 20, -51, -96.667379 - 0.586982
178, 0, 0, 2 - 0, 0, 0, 0, 0.000000 - 0.000000
179, 0, 0, 10 - 0, 0, 0, 0, 0.000000 - 0.000000
180, 294, 295, -1 - 53, 23, 33, 2, 89.422285 - 0.008727
181, 296, 297, -1 - -9, -3, -57, -8, 10.556352 - 0.947435
182, 298, 299, -1 - -9, -49, 46, -23, 13.791314 - 0.918194
183, 300, 301, -1 - 15, 0, -14, -56, -62.303537 - 0.154424
184, 302, 303, -1 - 52, 27, 27, -45, 41.319010 - 0.783126
185, 304, 305, -1 - 16, 7, -1, 0, 90.533158 - 0.094316
186, 306, 307, -1 - 38, 45, 2, -15, -8.987701 - 0.845351
187, 308, 309, -1 - -9, -8, 25, -1, -79.729606 - 0.025897
188, 310, 311, -1 - 2, -22, 24, -13, -65.581225 - 0.145137
189, 0, 0, 10 - 0, 0, 0, 0, 0.000000 - 0.000000
190, 312, 313, -1 - -54, 10, 0, -34, -23.593860 - 0.315997
191, 314, 315, -1 - 38, -15, 25, 36, -31.907102 - 0.605693
192, 316, 317, -1 - 33, -49, -26, -50, 78.533280 - 0.929687
193, 0, 0, 2 - 0, 0, 0, 0, 0.000000 - 0.000000
194, 318, 319, -1 - 11, -39, -30, -26, 50.492874 - 0.292599
195, 320, 321, -1 - 32, 33, -26, 44, -46.549883 - 0.033869
196, 322, 323, -1 - -22, -26, -16, -12, -7.669301 - 0.022095
197, 324, 325, -1 - 13, -18, 23, -23, 27.994629 - 0.999913
198, 326, 327, -1 - -31, 0, 46, -35, -30.191961 - 0.821727
199, 328, 329, -1 - 21, -12, 43, -16, -58.995331 - 0.422418
200, 330, 331, -1 - 9, 41, -53, 8, 57.579272 - 0.990365
201, 332, 333, -1 - 51, 4, 15, 5, 84.154790 - 0.084206
202, 0, 0, 7 - 0, 0, 0, 0, 0.000000 - 0.000000
203, 0, 0, 6 - 0, 0, 0, 0, 0.000000 - 0.000000
204, 334, 335, -1 - -15, 22, -47, -11, 76.512955 - 0.153742
205, 0, 0, 7 - 0, 0, 0, 0, 0.000000 - 0.000000
206, 336, 337, -1 - -46, -33, 0, 16, -77.623829 - 0.220953
207, 338, 339, -1 - -43, -14, 43, -16, -19.919431 - 0.007598
208, 0, 0, 7 - 0, 0, 0, 0, 0.000000 - 0.000000
209, 0, 0, 8 - 0, 0, 0, 0, 0.000000 - 0.000000
210, 0, 0, 7 - 0, 0, 0, 0, 0.000000 - 0.000000
211, 340, 341, -1 - -14, -1, 11, 1, 20.175787 - 0.010000
212, 342, 343, -1 - -18, 41, 2, 28, -42.667928 - 0.662656
213, 0, 0, 13 - 0, 0, 0, 0, 0.000000 - 0.000000
214, 344, 345, -1 - -21, 24, 12, -7, -24.063845 - 0.072788
215, 346, 347, -1 - 17, -1, 1, 1, 48.844874 - 0.985228
216, 0, 0, 2 - 0, 0, 0, 0, 0.000000 - 0.000000
217, 0, 0, 6 - 0, 0, 0, 0, 0.000000 - 0.000000
218, 0, 0, 6 - 0, 0, 0, 0, 0.000000 - 0.000000
219, 348, 349, -1 - -9, -11, 9, 0, 79.241310 - 0.069407
220, 0, 0, 13 - 0, 0, 0, 0, 0.000000 - 0.000000
221, 350, 351, -1 - 11, -3, -45, 10, 61.540574 - 0.881291
222, 0, 0, 10 - 0, 0, 0, 0, 0.000000 - 0.000000
223, 0, 0, 2 - 0, 0, 0, 0, 0.000000 - 0.000000
224, 352, 353, -1 - 0, 2, 13, -39, -67.766350 - 0.011268
225, 0, 0, 7 - 0, 0, 0, 0, 0.000000 - 0.000000
226, 354, 355, -1 - 17, -1, 1, 1, 48.844874 - 0.918296
227, 0, 0, 13 - 0, 0, 0, 0, 0.000000 - 0.000000
228, 356, 357, -1 - -18, 14, -28, 27, -47.129734 - 0.881291
229, 0, 0, 13 - 0, 0, 0, 0, 0.000000 - 0.000000
230, 358, 359, -1 - 5, 23, 0, -1, 48.203986 - 0.024983
231, 0, 0, 6 - 0, 0, 0, 0, 0.000000 - 0.000000
232, 360, 361, -1 - -25, 34, 54, -23, 15.787225 - 0.057939
233, 0, 0, 2 - 0, 0, 0, 0, 0.000000 - 0.000000
234, 362, 363, -1 - 23, -3, 44, -14, 74.083682 - 0.036041
235, 364, 365, -1 - -2, 14, -56, -3, 15.640736 - 0.899744
236, 366, 367, -1 - 0, -55, 46, -35, -85.839412 - 0.205593
237, 0, 0, 19 - 0, 0, 0, 0, 0.000000 - 0.000000
238, 368, 369, -1 - 16, -42, -1, -10, -60.356456 - 0.344859
239, 370, 371, -1 - -58, -5, -9, -5, 14.590899 - 0.979869
240, 0, 0, 19 - 0, 0, 0, 0, 0.000000 - 0.000000
241, 372, 373, -1 - -58, -5, -9, -5, 14.590899 - 0.650022
242, 0, 0, 2 - 0, 0, 0, 0, 0.000000 - 0.000000
243, 374, 375, -1 - -58, -5, -9, -5, 14.590899 - 0.019438
244, 376, 377, -1 - -2, -12, 29, -42, -56.230354 - 0.585573
245, 378, 379, -1 - 33, -46, 9, -30, -92.175054 - 0.113274
246, 0, 0, 18 - 0, 0, 0, 0, 0.000000 - 0.000000
247, 0, 0, 2 - 0, 0, 0, 0, 0.000000 - 0.000000
248, 380, 381, -1 - -30, 10, 3, 18, -28.531755 - 0.985228
249, 0, 0, 2 - 0, 0, 0, 0, 0.000000 - 0.000000
250, 382, 383, -1 - -1, -51, 43, -29, 16.751610 - 0.762841
251, 0, 0, 2 - 0, 0, 0, 0, 0.000000 - 0.000000
252, 0, 0, 2 - 0, 0, 0, 0, 0.000000 - 0.000000
253, 0, 0, 3 - 0, 0, 0, 0, 0.000000 - 0.000000
254, 384, 385, -1 - 38, 26, 50, -20, -62.590411 - 0.347165
255, 0, 0, 2 - 0, 0, 0, 0, 0.000000 - 0.000000
256, 386, 387, -1 - 21, -39, 22, -5, 56.346324 - 0.541181
257, 388, 389, -1 - 8, -21, 2, -42, -55.247658 - 0.094746
258, 0, 0, 1 - 0, 0, 0, 0, 0.000000 - 0.000000
259, 390, 391, -1 - -2, 2, 21, -39, 47.770623 - 0.035072
260, 392, 393, -1 - 38, 26, 50, -20, -62.590411 - 0.008385
261, 394, 395, -1 - 36, 30, -26, 32, 42.197943 - 0.271390
262, 396, 397, -1 - 47, -31, -5, 3, 98.321482 - 0.205202
263, 398, 399, -1 - 50, -30, 12, -58, -25.333415 - 0.067176
264, 0, 0, 3 - 0, 0, 0, 0, 0.000000 - 0.000000
265, 0, 0, 2 - 0, 0, 0, 0, 0.000000 - 0.000000
266, 0, 0, 18 - 0, 0, 0, 0, 0.000000 - 0.000000
267, 400, 401, -1 - -26, 19, 16, -43, 76.189459 - 0.322757
268, 402, 403, -1 - -7, -36, -21, -11, -21.048616 - 0.006603
269, 404, 405, -1 - 12, 15, 56, -10, -18.521683 - 1.000000
270, 406, 407, -1 - 4, 0, -7, 23, -30.027161 - 0.015023
271, 408, 409, -1 - -29, -10, -13, -33, -17.813654 - 0.918296
272, 410, 411, -1 - 5, 13, 24, -38, 39.182714 - 0.994985
273, 0, 0, 16 - 0, 0, 0, 0, 0.000000 - 0.000000
274, 412, 413, -1 - 18, -9, -13, 1, -72.283090 - 1.000000
275, 414, 415, -1 - -19, 14, 45, -37, 15.927610 - 0.053026
276, 0, 0, 2 - 0, 0, 0, 0, 0.000000 - 0.000000
277, 0, 0, 10 - 0, 0, 0, 0, 0.000000 - 0.000000
278, 416, 417, -1 - -44, -6, -24, 0, 33.817560 - 0.994030
279, 0, 0, 5 - 0, 0, 0, 0, 0.000000 - 0.000000
280, 0, 0, 4 - 0, 0, 0, 0, 0.000000 - 0.000000
281, 0, 0, 5 - 0, 0, 0, 0, 0.000000 - 0.000000
282, 0, 0, 3 - 0, 0, 0, 0, 0.000000 - 0.000000
283, 418, 419, -1 - 1, 13, 4, 0, 99.340800 - 0.391244
284, 0, 0, 1 - 0, 0, 0, 0, 0.000000 - 0.000000
285, 0, 0, 2 - 0, 0, 0, 0, 0.000000 - 0.000000
286, 0, 0, 11 - 0, 0, 0, 0, 0.000000 - 0.000000
287, 0, 0, 10 - 0, 0, 0, 0, 0.000000 - 0.000000
288, 420, 421, -1 - 13, -57, -57, -12, 24.137089 - 0.004901
289, 422, 423, -1 - 27, 23, 47, -20, -82.073428 - 0.123681
290, 0, 0, 10 - 0, 0, 0, 0, 0.000000 - 0.000000
291, 0, 0, 2 - 0, 0, 0, 0, 0.000000 - 0.000000
292, 424, 425, -1 - -5, -4, -7, -26, 12.021241 - 0.082143
293, 426, 427, -1 - 12, 15, 56, -10, -18.521683 - 0.322757
294, 428, 429, -1 - 21, -25, -43, 29, 44.114505 - 0.367498
295, 0, 0, 11 - 0, 0, 0, 0, 0.000000 - 0.000000
296, 0, 0, 10 - 0, 0, 0, 0, 0.000000 - 0.000000
297, 0, 0, 11 - 0, 0, 0, 0, 0.000000 - 0.000000
298, 430, 431, -1 - 18, 15, 10, -6, 28.922391 - 0.292235
299, 0, 0, 10 - 0, 0, 0, 0, 0.000000 - 0.000000
300, 432, 433, -1 - 3, 47, 35, -30, -97.009186 - 0.091800
301, 434, 435, -1 - 16, 7, -1, 0, 90.533158 - 0.337290
302, 436, 437, -1 - 12, -30, 26, 2, 57.115390 - 0.052925
303, 438, 439, -1 - 17, -1, 1, 1, 48.844874 - 0.332903
304, 0, 0, 16 - 0, 0, 0, 0, 0.000000 - 0.000000
305, 0, 0, 17 - 0, 0, 0, 0, 0.000000 - 0.000000
306, 0, 0, 6 - 0, 0, 0, 0, 0.000000 - 0.000000
307, 440, 441, -1 - 12, 15, 56, -10, -18.521683 - 0.566510
308, 442, 443, -1 - -1, -51, 43, -29, 16.751610 - 0.927527
309, 444, 445, -1 - 31, -2, -17, -2, 25.778985 - 0.008661
310, 0, 0, 10 - 0, 0, 0, 0, 0.000000 - 0.000000
311, 0, 0, 2 - 0, 0, 0, 0, 0.000000 - 0.000000
312, 446, 447, -1 - 0, 0, 49, -24, -40.684225 - 0.902393
313, 0, 0, 14 - 0, 0, 0, 0, 0.000000 - 0.000000
314, 0, 0, 15 - 0, 0, 0, 0, 0.000000 - 0.000000
315, 448, 449, -1 - -33, 16, 28, -1, 23.789178 - 0.878674
316, 450, 451, -1 - -3, -3, -46, -30, 11.044649 - 0.640944
317, 452, 453, -1 - -9, -32, 20, -35, -25.260170 - 0.191433
318, 454, 455, -1 - 23, -27, -22, -42, 15.567492 - 0.040034
319, 456, 457, -1 - -32, -40, -10, -44, -74.132511 - 0.996792
320, 0, 0, 10 - 0, 0, 0, 0, 0.000000 - 0.000000
321, 0, 0, 14 - 0, 0, 0, 0, 0.000000 - 0.000000
322, 0, 0, 15 - 0, 0, 0, 0, 0.000000 - 0.000000
323, 458, 459, -1 - 23, 34, -9, -10, 45.219275 - 0.006383
324, 460, 461, -1 - -18, 41, 2, 28, -42.667928 - 0.666578
325, 462, 463, -1 - 12, 15, 56, -10, -18.521683 - 0.894452
326, 464, 465, -1 - 9, 31, -45, 16, 81.670583 - 0.957815
327, 466, 467, -1 - -16, 49, 46, 10, 61.540574 - 0.147898
328, 468, 469, -1 - -16, 27, -9, -48, -36.429945 - 0.943035
329, 470, 471, -1 - 19, -48, 53, 10, 70.830409 - 0.242033
330, 472, 473, -1 - 44, -14, 0, 0, 11.484115 - 0.998599
331, 474, 475, -1 - 24, -21, 33, -41, -83.721427 - 0.804541
332, 476, 477, -1 - 27, -24, 29, 22, 50.083926 - 0.625386
333, 478, 479, -1 - -37, -9, -13, 0, 54.325999 - 0.007617
334, 0, 0, 6 - 0, 0, 0, 0, 0.000000 - 0.000000
335, 0, 0, 7 - 0, 0, 0, 0, 0.000000 - 0.000000
336, 0, 0, 7 - 0, 0, 0, 0, 0.000000 - 0.000000
337, 480, 481, -1 - -42, 23, 18, 1, -27.811518 - 0.950956
338, 482, 483, -1 - -44, -6, -24, 0, 33.817560 - 1.000000
339, 0, 0, 7 - 0, 0, 0, 0, 0.000000 - 0.000000
340, 0, 0, 8 - 0, 0, 0, 0, 0.000000 - 0.000000
341, 484, 485, -1 - -20, -7, -9, 43, 34.183782 - 0.398459
342, 486, 487, -1 - 3, -27, 52, 2, -10.397656 - 0.072016
343, 488, 489, -1 - -29, -10, -13, -33, -17.813654 - 0.721928
344, 490, 491, -1 - 12, 3, -33, -20, -93.127232 - 0.052167
345, 492, 493, -1 - -25, 47, -33, -11, 71.489608 - 0.994030
346, 0, 0, 7 - 0, 0, 0, 0, 0.000000 - 0.000000
347, 494, 495, -1 - 2, 1, -34, 19, 45.353557 - 0.543564
348, 496, 497, -1 - -24, 14, 25, 10, -71.044038 - 0.016761
349, 0, 0, 6 - 0, 0, 0, 0, 0.000000 - 0.000000
350, 498, 499, -1 - 46, -6, 25, -31, -34.916227 - 0.791858
351, 0, 0, 14 - 0, 0, 0, 0, 0.000000 - 0.000000
352, 500, 501, -1 - -41, 9, -32, 30, -5.233924 - 0.006459
353, 502, 503, -1 - 17, -1, 1, -10, -73.668630 - 0.543564
354, 0, 0, 2 - 0, 0, 0, 0, 0.000000 - 0.000000
355, 0, 0, 5 - 0, 0, 0, 0, 0.000000 - 0.000000
356, 0, 0, 12 - 0, 0, 0, 0, 0.000000 - 0.000000
357, 504, 505, -1 - -29, -10, -13, -33, -17.813654 - 0.918296
358, 506, 507, -1 - -11, -31, -27, 10, 22.714927 - 0.011642
359, 508, 509, -1 - -44, -6, -24, 0, 33.817560 - 0.970951
360, 0, 0, 14 - 0, 0, 0, 0, 0.000000 - 0.000000
361, 0, 0, 2 - 0, 0, 0, 0, 0.000000 - 0.000000
362, 510, 511, -1 - 0, -55, 46, -35, -85.839412 - 0.019990
363, 0, 0, 18 - 0, 0, 0, 0, 0.000000 - 0.000000
364, 0, 0, 2 - 0, 0, 0, 0, 0.000000 - 0.000000
365, 0, 0, 18 - 0, 0, 0, 0, 0.000000 - 0.000000
366, 0, 0, 10 - 0, 0, 0, 0, 0.000000 - 0.000000
367, 0, 0, 18 - 0, 0, 0, 0, 0.000000 - 0.000000
368, 512, 513, -1 - 54, 18, 45, 4, 50.401318 - 0.836641
369, 514, 515, -1 - 45, 17, -2, -7, 50.547807 - 0.249882
370, 0, 0, 19 - 0, 0, 0, 0, 0.000000 - 0.000000
371, 0, 0, 2 - 0, 0, 0, 0, 0.000000 - 0.000000
372, 0, 0, 18 - 0, 0, 0, 0, 0.000000 - 0.000000
373, 0, 0, 2 - 0, 0, 0, 0, 0.000000 - 0.000000
374, 0, 0, 18 - 0, 0, 0, 0, 0.000000 - 0.000000
375, 516, 517, -1 - 42, -8, -45, -17, -41.184729 - 0.676942
376, 518, 519, -1 - 31, -41, 12, -5, -88.641011 - 0.353359
377, 520, 521, -1 - 0, 0, 49, -24, -40.684225 - 0.353359
378, 0, 0, 2 - 0, 0, 0, 0, 0.000000 - 0.000000
379, 0, 0, 18 - 0, 0, 0, 0, 0.000000 - 0.000000
380, 0, 0, 2 - 0, 0, 0, 0, 0.000000 - 0.000000
381, 0, 0, 1 - 0, 0, 0, 0, 0.000000 - 0.000000
382, 0, 0, 2 - 0, 0, 0, 0, 0.000000 - 0.000000
383, 522, 523, -1 - -24, -40, 29, -33, -72.508927 - 0.468996
384, 524, 525, -1 - 48, -18, -2, 6, 61.882382 - 0.046586
385, 526, 527, -1 - -22, 8, -1, -17, -84.740745 - 0.384458
386, 0, 0, 2 - 0, 0, 0, 0, 0.000000 - 0.000000
387, 528, 529, -1 - 48, -16, -41, 3, -81.066317 - 0.642825
388, 530, 531, -1 - 5, 13, 24, -38, 39.182714 - 0.037412
389, 532, 533, -1 - -3, 7, -12, -9, 27.780999 - 0.435458
390, 0, 0, 2 - 0, 0, 0, 0, 0.000000 - 0.000000
391, 534, 535, -1 - 34, -4, -5, -34, 3.012177 - 0.650022
392, 536, 537, -1 - -25, 6, 32, 31, 74.480422 - 0.138728
393, 0, 0, 1 - 0, 0, 0, 0, 0.000000 - 0.000000
394, 0, 0, 2 - 0, 0, 0, 0, 0.000000 - 0.000000
395, 0, 0, 1 - 0, 0, 0, 0, 0.000000 - 0.000000
396, 538, 539, -1 - 0, 0, -25, 17, -48.710593 - 0.979869
397, 0, 0, 2 - 0, 0, 0, 0, 0.000000 - 0.000000
398, 0, 0, 1 - 0, 0, 0, 0, 0.000000 - 0.000000
399, 540, 541, -1 - 3, 7, 19, 14, -1.077303 - 0.391698
400, 0, 0, 19 - 0, 0, 0, 0, 0.000000 - 0.000000
401, 0, 0, 18 - 0, 0, 0, 0, 0.000000 - 0.000000
402, 542, 543, -1 - 35, -35, 24, 5, -22.727134 - 0.322757
403, 0, 0, 19 - 0, 0, 0, 0, 0.000000 - 0.000000
404, 0, 0, 19 - 0, 0, 0, 0, 0.000000 - 0.000000
405, 0, 0, 18 - 0, 0, 0, 0, 0.000000 - 0.000000
406, 544, 545, -1 - -41, -18, 23, 9, 20.218513 - 0.015041
407, 0, 0, 18 - 0, 0, 0, 0, 0.000000 - 0.000000
408, 0, 0, 21 - 0, 0, 0, 0, 0.000000 - 0.000000
409, 0, 0, 18 - 0, 0, 0, 0, 0.000000 - 0.000000
410, 546, 547, -1 - 0, -55, 46, -35, -85.839412 - 0.945660
411, 0, 0, 20 - 0, 0, 0, 0, 0.000000 - 0.000000
412, 0, 0, 16 - 0, 0, 0, 0, 0.000000 - 0.000000
413, 0, 0, 20 - 0, 0, 0, 0, 0.000000 - 0.000000
414, 0, 0, 21 - 0, 0, 0, 0, 0.000000 - 0.000000
415, 0, 0, 20 - 0, 0, 0, 0, 0.000000 - 0.000000
416, 0, 0, 4 - 0, 0, 0, 0, 0.000000 - 0.000000
417, 0, 0, 9 - 0, 0, 0, 0, 0.000000 - 0.000000
418, 0, 0, 3 - 0, 0, 0, 0, 0.000000 - 0.000000
419, 0, 0, 4 - 0, 0, 0, 0, 0.000000 - 0.000000
420, 0, 0, 2 - 0, 0, 0, 0, 0.000000 - 0.000000
421, 548, 549, -1 - 43, 29, 13, -54, 15.756706 - 0.002971
422, 550, 551, -1 - -31, 14, 50, 4, -32.340464 - 0.576707
423, 552, 553, -1 - -49, -27, -13, 15, -65.111240 - 0.031430
424, 0, 0, 10 - 0, 0, 0, 0, 0.000000 - 0.000000
425, 0, 0, 2 - 0, 0, 0, 0, 0.000000 - 0.000000
426, 0, 0, 15 - 0, 0, 0, 0, 0.000000 - 0.000000
427, 0, 0, 2 - 0, 0, 0, 0, 0.000000 - 0.000000
428, 0, 0, 11 - 0, 0, 0, 0, 0.000000 - 0.000000
429, 0, 0, 12 - 0, 0, 0, 0, 0.000000 - 0.000000
430, 554, 555, -1 - 1, 21, 46, 15, 59.111301 - 0.088072
431, 556, 557, -1 - 0, -23, -7, 8, 64.030885 - 0.591673
432, 0, 0, 11 - 0, 0, 0, 0, 0.000000 - 0.000000
433, 558, 559, -1 - 4, -23, 22, -25, 72.777490 - 0.012452
434, 0, 0, 12 - 0, 0, 0, 0, 0.000000 - 0.000000
435, 0, 0, 13 - 0, 0, 0, 0, 0.000000 - 0.000000
436, 560, 561, -1 - 24, -21, 33, -41, -83.721427 - 0.007157
437, 562, 563, -1 - 38, -22, 46, 14, -77.568896 - 0.506146
438, 0, 0, 15 - 0, 0, 0, 0, 0.000000 - 0.000000
439, 564, 565, -1 - -29, -10, -13, -33, -17.813654 - 0.249882
440, 0, 0, 2 - 0, 0, 0, 0, 0.000000 - 0.000000
441, 0, 0, 14 - 0, 0, 0, 0, 0.000000 - 0.000000
442, 566, 567, -1 - -12, -41, 10, -48, -98.602252 - 0.979869
443, 0, 0, 14 - 0, 0, 0, 0, 0.000000 - 0.000000
444, 568, 569, -1 - 0, 6, 29, 2, -90.618610 - 0.002362
445, 570, 571, -1 - 23, -3, 44, -14, 74.083682 - 0.267827
446, 572, 573, -1 - 0, -55, 46, -35, -85.839412 - 0.591673
447, 0, 0, 10 - 0, 0, 0, 0, 0.000000 - 0.000000
448, 0, 0, 16 - 0, 0, 0, 0, 0.000000 - 0.000000
449, 574, 575, -1 - 18, -9, -13, 1, -72.283090 - 0.371232
450, 576, 577, -1 - 0, -55, 46, -35, -85.839412 - 0.276195
451, 0, 0, 18 - 0, 0, 0, 0, 0.000000 - 0.000000
452, 578, 579, -1 - -22, -28, -17, 5, -2.255318 - 1.000000
453, 0, 0, 19 - 0, 0, 0, 0, 0.000000 - 0.000000
454, 580, 581, -1 - -8, -3, -11, -45, 76.970733 - 0.031544
455, 0, 0, 14 - 0, 0, 0, 0, 0.000000 - 0.000000
456, 0, 0, 14 - 0, 0, 0, 0, 0.000000 - 0.000000
457, 582, 583, -1 - 0, -55, 46, -35, -85.839412 - 0.958712
458, 584, 585, -1 - 17, -1, 1, 1, 48.844874 - 0.578795
459, 586, 587, -1 - -30, -5, -10, -11, 4.886013 - 0.003288
460, 0, 0, 12 - 0, 0, 0, 0, 0.000000 - 0.000000
461, 588, 589, -1 - 0, -55, 46, -35, -85.839412 - 0.954434
462, 0, 0, 11 - 0, 0, 0, 0, 0.000000 - 0.000000
463, 590, 591, -1 - 0, 0, 49, -24, -40.684225 - 0.749595
464, 0, 0, 2 - 0, 0, 0, 0, 0.000000 - 0.000000
465, 592, 593, -1 - 12, -7, 8, -21, 56.028932 - 0.816811
466, 594, 595, -1 - 54, 18, 45, 4, 50.401318 - 0.439497
467, 596, 597, -1 - 35, -12, -16, -37, 18.570513 - 0.122292
468, 598, 599, -1 - 0, 0, 49, -24, -40.684225 - 0.079490
469, 600, 601, -1 - 27, -34, -6, -12, 70.793786 - 0.909689
470, 602, 603, -1 - 24, -19, -29, -7, -79.400006 - 0.156491
471, 604, 605, -1 - -8, -2, -15, -10, -42.338328 - 0.030266
472, 606, 607, -1 - 54, 18, 45, 4, 50.401318 - 0.346731
473, 608, 609, -1 - 31, 6, 44, -39, 34.580523 - 0.944087
474, 610, 611, -1 - 1, 21, 28, 5, 49.388104 - 0.062683
475, 612, 613, -1 - 17, -1, 1, 1, 48.844874 - 0.904381
476, 614, 615, -1 - 15, -5, 21, 17, 52.299570 - 0.092980
477, 616, 617, -1 - -3, 17, -10, -7, 76.128422 - 0.554778
478, 0, 0, 15 - 0, 0, 0, 0, 0.000000 - 0.000000
479, 0, 0, 16 - 0, 0, 0, 0, 0.000000 - 0.000000
480, 0, 0, 7 - 0, 0, 0, 0, 0.000000 - 0.000000
481, 0, 0, 8 - 0, 0, 0, 0, 0.000000 - 0.000000
482, 0, 0, 6 - 0, 0, 0, 0, 0.000000 - 0.000000
483, 0, 0, 7 - 0, 0, 0, 0, 0.000000 - 0.000000
484, 0, 0, 8 - 0, 0, 0, 0, 0.000000 - 0.000000
485, 618, 619, -1 - 20, 32, -8, -2, -50.315867 - 0.918296
486, 0, 0, 12 - 0, 0, 0, 0, 0.000000 - 0.000000
487, 0, 0, 13 - 0, 0, 0, 0, 0.000000 - 0.000000
488, 0, 0, 2 - 0, 0, 0, 0, 0.000000 - 0.000000
489, 620, 621, -1 - 17, -1, 1, 1, 48.844874 - 0.721928
490, 622, 623, -1 - 11, 1, -6, 4, 48.136845 - 0.979869
491, 624, 625, -1 - -29, 9, 13, 46, 40.641499 - 0.009073
492, 0, 0, 8 - 0, 0, 0, 0, 0.000000 - 0.000000
493, 626, 627, -1 - 0, -55, 46, -35, -85.839412 - 0.721928
494, 0, 0, 8 - 0, 0, 0, 0, 0.000000 - 0.000000
495, 0, 0, 9 - 0, 0, 0, 0, 0.000000 - 0.000000
496, 0, 0, 6 - 0, 0, 0, 0, 0.000000 - 0.000000
497, 0, 0, 2 - 0, 0, 0, 0, 0.000000 - 0.000000
498, 0, 0, 6 - 0, 0, 0, 0, 0.000000 - 0.000000
499, 628, 629, -1 - 0, 0, 49, -24, -40.684225 - 0.970951
500, 0, 0, 10 - 0, 0, 0, 0, 0.000000 - 0.000000
501, 630, 631, -1 - -11, 44, 11, -44, -41.264077 - 0.003635
502, 0, 0, 6 - 0, 0, 0, 0, 0.000000 - 0.000000
503, 0, 0, 2 - 0, 0, 0, 0, 0.000000 - 0.000000
504, 0, 0, 6 - 0, 0, 0, 0, 0.000000 - 0.000000
505, 0, 0, 11 - 0, 0, 0, 0, 0.000000 - 0.000000
506, 0, 0, 3 - 0, 0, 0, 0, 0.000000 - 0.000000
507, 0, 0, 2 - 0, 0, 0, 0, 0.000000 - 0.000000
508, 0, 0, 6 - 0, 0, 0, 0, 0.000000 - 0.000000
509, 0, 0, 2 - 0, 0, 0, 0, 0.000000 - 0.000000
510, 0, 0, 10 - 0, 0, 0, 0, 0.000000 - 0.000000
511, 0, 0, 2 - 0, 0, 0, 0, 0.000000 - 0.000000
512, 0, 0, 19 - 0, 0, 0, 0, 0.000000 - 0.000000
513, 0, 0, 18 - 0, 0, 0, 0, 0.000000 - 0.000000
514, 0, 0, 19 - 0, 0, 0, 0, 0.000000 - 0.000000
515, 0, 0, 18 - 0, 0, 0, 0, 0.000000 - 0.000000
516, 0, 0, 2 - 0, 0, 0, 0, 0.000000 - 0.000000
517, 0, 0, 18 - 0, 0, 0, 0, 0.000000 - 0.000000
518, 0, 0, 2 - 0, 0, 0, 0, 0.000000 - 0.000000
519, 0, 0, 18 - 0, 0, 0, 0, 0.000000 - 0.000000
520, 0, 0, 2 - 0, 0, 0, 0, 0.000000 - 0.000000
521, 0, 0, 18 - 0, 0, 0, 0, 0.000000 - 0.000000
522, 0, 0, 2 - 0, 0, 0, 0, 0.000000 - 0.000000
523, 0, 0, 1 - 0, 0, 0, 0, 0.000000 - 0.000000
524, 632, 633, -1 - -19, -8, -22, -2, 16.177862 - 0.254081
525, 0, 0, 2 - 0, 0, 0, 0, 0.000000 - 0.000000
526, 634, 635, -1 - -7, -21, 48, -14, 18.454543 - 0.551002
527, 636, 637, -1 - 12, -7, 8, -21, 56.028932 - 0.135303
528, 638, 639, -1 - -21, 27, 21, 29, 57.890561 - 0.134586
529, 0, 0, 2 - 0, 0, 0, 0, 0.000000 - 0.000000
530, 640, 641, -1 - 11, -42, 6, 13, 75.206763 - 0.137523
531, 642, 643, -1 - 12, -47, 1, 12, -37.388226 - 0.022555
532, 644, 645, -1 - 3, -40, -14, -3, 11.429182 - 0.222890
533, 646, 647, -1 - -7, 43, -2, -45, 73.100986 - 0.208049
534, 0, 0, 1 - 0, 0, 0, 0, 0.000000 - 0.000000
535, 0, 0, 2 - 0, 0, 0, 0, 0.000000 - 0.000000
536, 648, 649, -1 - 28, -6, -30, 32, -68.669698 - 0.065702
537, 650, 651, -1 - 48, -18, -2, 6, 61.882382 - 0.538783
538, 0, 0, 2 - 0, 0, 0, 0, 0.000000 - 0.000000
539, 0, 0, 1 - 0, 0, 0, 0, 0.000000 - 0.000000
540, 0, 0, 1 - 0, 0, 0, 0, 0.000000 - 0.000000
541, 652, 653, -1 - 19, 31, 2, -19, 30.289621 - 0.358463
542, 0, 0, 20 - 0, 0, 0, 0, 0.000000 - 0.000000
543, 0, 0, 19 - 0, 0, 0, 0, 0.000000 - 0.000000
544, 654, 655, -1 - -31, -35, -7, 1, -58.745079 - 0.012307
545, 0, 0, 19 - 0, 0, 0, 0, 0.000000 - 0.000000
546, 0, 0, 17 - 0, 0, 0, 0, 0.000000 - 0.000000
547, 0, 0, 18 - 0, 0, 0, 0, 0.000000 - 0.000000
548, 0, 0, 10 - 0, 0, 0, 0, 0.000000 - 0.000000
549, 0, 0, 2 - 0, 0, 0, 0, 0.000000 - 0.000000
550, 656, 657, -1 - 18, -9, -13, 1, -72.283090 - 0.233019
551, 658, 659, -1 - 0, -10, 28, 38, 85.070345 - 0.515947
552, 0, 0, 11 - 0, 0, 0, 0, 0.000000 - 0.000000
553, 0, 0, 10 - 0, 0, 0, 0, 0.000000 - 0.000000
554, 0, 0, 11 - 0, 0, 0, 0, 0.000000 - 0.000000
555, 0, 0, 10 - 0, 0, 0, 0, 0.000000 - 0.000000
556, 0, 0, 12 - 0, 0, 0, 0, 0.000000 - 0.000000
557, 0, 0, 11 - 0, 0, 0, 0, 0.000000 - 0.000000
558, 0, 0, 12 - 0, 0, 0, 0, 0.000000 - 0.000000
559, 0, 0, 11 - 0, 0, 0, 0, 0.000000 - 0.000000
560, 0, 0, 16 - 0, 0, 0, 0, 0.000000 - 0.000000
561, 660, 661, -1 - 0, -28, -50, -11, -8.206427 - 0.650022
562, 662, 663, -1 - 0, -28, -50, -11, -8.206427 - 0.650022
563, 664, 665, -1 - 30, -33, -5, -27, 6.472976 - 0.266765
564, 0, 0, 20 - 0, 0, 0, 0, 0.000000 - 0.000000
565, 0, 0, 21 - 0, 0, 0, 0, 0.000000 - 0.000000
566, 0, 0, 2 - 0, 0, 0, 0, 0.000000 - 0.000000
567, 666, 667, -1 - -29, -10, -13, -33, -17.813654 - 0.985228
568, 668, 669, -1 - 18, 18, -30, 6, 9.897153 - 0.237508
569, 0, 0, 2 - 0, 0, 0, 0, 0.000000 - 0.000000
570, 670, 671, -1 - -9, -28, 2, -14, 47.758415 - 0.093778
571, 672, 673, -1 - -29, -10, -13, -33, -17.813654 - 0.985228
572, 0, 0, 16 - 0, 0, 0, 0, 0.000000 - 0.000000
573, 0, 0, 11 - 0, 0, 0, 0, 0.000000 - 0.000000
574, 0, 0, 11 - 0, 0, 0, 0, 0.000000 - 0.000000
575, 0, 0, 15 - 0, 0, 0, 0, 0.000000 - 0.000000
576, 0, 0, 2 - 0, 0, 0, 0, 0.000000 - 0.000000
577, 0, 0, 14 - 0, 0, 0, 0, 0.000000 - 0.000000
578, 0, 0, 16 - 0, 0, 0, 0, 0.000000 - 0.000000
579, 0, 0, 20 - 0, 0, 0, 0, 0.000000 - 0.000000
580, 674, 675, -1 - 18, 5, 2, 4, -40.543840 - 0.020497
581, 0, 0, 14 - 0, 0, 0, 0, 0.000000 - 0.000000
582, 0, 0, 17 - 0, 0, 0, 0, 0.000000 - 0.000000
583, 676, 677, -1 - 17, -1, 1, 1, 48.844874 - 0.954434
584, 678, 679, -1 - -32, 22, -1, 23, 69.286172 - 1.000000
585, 0, 0, 14 - 0, 0, 0, 0, 0.000000 - 0.000000
586, 680, 681, -1 - 15, 49, -50, 7, 40.665914 - 0.001887
587, 0, 0, 15 - 0, 0, 0, 0, 0.000000 - 0.000000
588, 0, 0, 17 - 0, 0, 0, 0, 0.000000 - 0.000000
589, 0, 0, 10 - 0, 0, 0, 0, 0.000000 - 0.000000
590, 0, 0, 16 - 0, 0, 0, 0, 0.000000 - 0.000000
591, 0, 0, 18 - 0, 0, 0, 0, 0.000000 - 0.000000
592, 682, 683, -1 - 18, -9, -13, 1, -72.283090 - 0.309543
593, 0, 0, 17 - 0, 0, 0, 0, 0.000000 - 0.000000
594, 0, 0, 19 - 0, 0, 0, 0, 0.000000 - 0.000000
595, 0, 0, 18 - 0, 0, 0, 0, 0.000000 - 0.000000
596, 0, 0, 2 - 0, 0, 0, 0, 0.000000 - 0.000000
597, 0, 0, 18 - 0, 0, 0, 0, 0.000000 - 0.000000
598, 0, 0, 11 - 0, 0, 0, 0, 0.000000 - 0.000000
599, 0, 0, 10 - 0, 0, 0, 0, 0.000000 - 0.000000
600, 684, 685, -1 - 17, -1, 1, 1, 48.844874 - 0.083543
601, 686, 687, -1 - -30, 5, -35, 8, -39.768670 - 0.092277
602, 0, 0, 16 - 0, 0, 0, 0, 0.000000 - 0.000000
603, 0, 0, 15 - 0, 0, 0, 0, 0.000000 - 0.000000
604, 0, 0, 15 - 0, 0, 0, 0, 0.000000 - 0.000000
605, 688, 689, -1 - -8, -46, -36, 5, 31.919309 - 0.011758
606, 0, 0, 19 - 0, 0, 0, 0, 0.000000 - 0.000000
607, 0, 0, 18 - 0, 0, 0, 0, 0.000000 - 0.000000
608, 690, 691, -1 - 17, -1, 1, 1, 48.844874 - 0.139233
609, 0, 0, 20 - 0, 0, 0, 0, 0.000000 - 0.000000
610, 0, 0, 16 - 0, 0, 0, 0, 0.000000 - 0.000000
611, 0, 0, 15 - 0, 0, 0, 0, 0.000000 - 0.000000
612, 0, 0, 15 - 0, 0, 0, 0, 0.000000 - 0.000000
613, 0, 0, 17 - 0, 0, 0, 0, 0.000000 - 0.000000
614, 0, 0, 15 - 0, 0, 0, 0, 0.000000 - 0.000000
615, 692, 693, -1 - 0, -23, -7, 8, 64.030885 - 0.811278
616, 0, 0, 14 - 0, 0, 0, 0, 0.000000 - 0.000000
617, 0, 0, 15 - 0, 0, 0, 0, 0.000000 - 0.000000
618, 0, 0, 5 - 0, 0, 0, 0, 0.000000 - 0.000000
619, 0, 0, 9 - 0, 0, 0, 0, 0.000000 - 0.000000
620, 0, 0, 11 - 0, 0, 0, 0, 0.000000 - 0.000000
621, 0, 0, 13 - 0, 0, 0, 0, 0.000000 - 0.000000
622, 0, 0, 8 - 0, 0, 0, 0, 0.000000 - 0.000000
623, 0, 0, 9 - 0, 0, 0, 0, 0.000000 - 0.000000
624, 0, 0, 9 - 0, 0, 0, 0, 0.000000 - 0.000000
625, 694, 695, -1 - 2, 7, -17, 7, 78.661458 - 0.650022
626, 0, 0, 17 - 0, 0, 0, 0, 0.000000 - 0.000000
627, 0, 0, 9 - 0, 0, 0, 0, 0.000000 - 0.000000
628, 0, 0, 11 - 0, 0, 0, 0, 0.000000 - 0.000000
629, 0, 0, 15 - 0, 0, 0, 0, 0.000000 - 0.000000
630, 0, 0, 6 - 0, 0, 0, 0, 0.000000 - 0.000000
631, 696, 697, -1 - -17, -16, 8, -44, -27.628407 - 0.092719
632, 0, 0, 2 - 0, 0, 0, 0, 0.000000 - 0.000000
633, 698, 699, -1 - -8, -8, -7, -2, 31.424909 - 1.000000
634, 0, 0, 2 - 0, 0, 0, 0, 0.000000 - 0.000000
635, 700, 701, -1 - 39, -1, -26, 19, -95.355083 - 0.111037
636, 0, 0, 2 - 0, 0, 0, 0, 0.000000 - 0.000000
637, 702, 703, -1 - 0, 0, 49, -24, -40.684225 - 1.000000
638, 0, 0, 1 - 0, 0, 0, 0, 0.000000 - 0.000000
639, 704, 705, -1 - -7, 1, 50, -16, -79.155858 - 0.688201
640, 706, 707, -1 - -24, -14, 27, -29, 0.369274 - 0.371394
641, 708, 709, -1 - 8, -33, 27, 19, 42.454299 - 0.048826
642, 710, 711, -1 - -6, 8, -25, -6, -83.574938 - 0.190332
643, 0, 0, 1 - 0, 0, 0, 0, 0.000000 - 0.000000
644, 712, 713, -1 - 49, -27, 0, -3, -76.360363 - 0.074751
645, 714, 715, -1 - -22, -28, -17, 5, -2.255318 - 0.629249
646, 716, 717, -1 - -1, 6, 8, 29, -4.959258 - 0.093558
647, 718, 719, -1 - -29, -14, -5, 3, 53.550829 - 0.663129
648, 0, 0, 1 - 0, 0, 0, 0, 0.000000 - 0.000000
649, 0, 0, 2 - 0, 0, 0, 0, 0.000000 - 0.000000
650, 720, 721, -1 - 0, -2, 54, -16, 84.276864 - 0.480550
651, 0, 0, 2 - 0, 0, 0, 0, 0.000000 - 0.000000
652, 722, 723, -1 - 15, -3, 8, 10, -0.198370 - 0.356183
653, 0, 0, 1 - 0, 0, 0, 0, 0.000000 - 0.000000
654, 724, 725, -1 - -44, -6, -24, 0, 33.817560 - 1.000000
655, 0, 0, 20 - 0, 0, 0, 0, 0.000000 - 0.000000
656, 726, 727, -1 - -58, -5, -9, -5, 14.590899 - 0.918296
657, 0, 0, 10 - 0, 0, 0, 0, 0.000000 - 0.000000
658, 0, 0, 11 - 0, 0, 0, 0, 0.000000 - 0.000000
659, 0, 0, 10 - 0, 0, 0, 0, 0.000000 - 0.000000
660, 0, 0, 17 - 0, 0, 0, 0, 0.000000 - 0.000000
661, 0, 0, 16 - 0, 0, 0, 0, 0.000000 - 0.000000
662, 0, 0, 16 - 0, 0, 0, 0, 0.000000 - 0.000000
663, 0, 0, 15 - 0, 0, 0, 0, 0.000000 - 0.000000
664, 0, 0, 15 - 0, 0, 0, 0, 0.000000 - 0.000000
665, 0, 0, 16 - 0, 0, 0, 0, 0.000000 - 0.000000
666, 0, 0, 10 - 0, 0, 0, 0, 0.000000 - 0.000000
667, 728, 729, -1 - 0, -55, 46, -35, -85.839412 - 1.000000
668, 0, 0, 10 - 0, 0, 0, 0, 0.000000 - 0.000000
669, 0, 0, 2 - 0, 0, 0, 0, 0.000000 - 0.000000
670, 0, 0, 2 - 0, 0, 0, 0, 0.000000 - 0.000000
671, 0, 0, 10 - 0, 0, 0, 0, 0.000000 - 0.000000
672, 0, 0, 10 - 0, 0, 0, 0, 0.000000 - 0.000000
673, 0, 0, 14 - 0, 0, 0, 0, 0.000000 - 0.000000
674, 0, 0, 14 - 0, 0, 0, 0, 0.000000 - 0.000000
675, 0, 0, 2 - 0, 0, 0, 0, 0.000000 - 0.000000
676, 0, 0, 2 - 0, 0, 0, 0, 0.000000 - 0.000000
677, 0, 0, 18 - 0, 0, 0, 0, 0.000000 - 0.000000
678, 0, 0, 10 - 0, 0, 0, 0, 0.000000 - 0.000000
679, 0, 0, 15 - 0, 0, 0, 0, 0.000000 - 0.000000
680, 730, 731, -1 - 15, -49, -4, 0, 80.205695 - 0.286397
681, 0, 0, 14 - 0, 0, 0, 0, 0.000000 - 0.000000
682, 0, 0, 15 - 0, 0, 0, 0, 0.000000 - 0.000000
683, 0, 0, 16 - 0, 0, 0, 0, 0.000000 - 0.000000
684, 0, 0, 2 - 0, 0, 0, 0, 0.000000 - 0.000000
685, 0, 0, 14 - 0, 0, 0, 0, 0.000000 - 0.000000
686, 0, 0, 2 - 0, 0, 0, 0, 0.000000 - 0.000000
687, 0, 0, 14 - 0, 0, 0, 0, 0.000000 - 0.000000
688, 0, 0, 2 - 0, 0, 0, 0, 0.000000 - 0.000000
689, 0, 0, 14 - 0, 0, 0, 0, 0.000000 - 0.000000
690, 0, 0, 11 - 0, 0, 0, 0, 0.000000 - 0.000000
691, 0, 0, 21 - 0, 0, 0, 0, 0.000000 - 0.000000
692, 0, 0, 15 - 0, 0, 0, 0, 0.000000 - 0.000000
693, 0, 0, 14 - 0, 0, 0, 0, 0.000000 - 0.000000
694, 0, 0, 9 - 0, 0, 0, 0, 0.000000 - 0.000000
695, 0, 0, 8 - 0, 0, 0, 0, 0.000000 - 0.000000
696, 732, 733, -1 - -33, -48, -8, -21, 76.537370 - 0.985228
697, 734, 735, -1 - -22, -42, -39, 7, -70.482498 - 0.057778
698, 0, 0, 2 - 0, 0, 0, 0, 0.000000 - 0.000000
699, 0, 0, 1 - 0, 0, 0, 0, 0.000000 - 0.000000
700, 736, 737, -1 - -44, -6, -24, 0, 33.817560 - 1.000000
701, 0, 0, 1 - 0, 0, 0, 0, 0.000000 - 0.000000
702, 0, 0, 2 - 0, 0, 0, 0, 0.000000 - 0.000000
703, 0, 0, 1 - 0, 0, 0, 0, 0.000000 - 0.000000
704, 738, 739, -1 - 12, 15, 56, -10, -18.521683 - 0.591673
705, 0, 0, 1 - 0, 0, 0, 0, 0.000000 - 0.000000
706, 740, 741, -1 - 37, 12, -2, 15, -80.242317 - 0.412955
707, 742, 743, -1 - -50, 6, -2, 13, 55.485702 - 0.280059
708, 744, 745, -1 - 35, 10, 0, -15, 3.994873 - 0.089784
709, 746, 747, -1 - 14, -37, -43, -4, -15.506455 - 0.006602
710, 748, 749, -1 - 45, -12, 38, -1, -1.907407 - 0.777498
711, 0, 0, 1 - 0, 0, 0, 0, 0.000000 - 0.000000
712, 0, 0, 1 - 0, 0, 0, 0, 0.000000 - 0.000000
713, 750, 751, -1 - -30, 0, 0, 8, 50.321970 - 0.048875
714, 0, 0, 1 - 0, 0, 0, 0, 0.000000 - 0.000000
715, 0, 0, 2 - 0, 0, 0, 0, 0.000000 - 0.000000
716, 752, 753, -1 - 24, -6, 0, 1, -4.129154 - 0.522738
717, 754, 755, -1 - 5, -50, -35, 5, -81.823176 - 0.021413
718, 756, 757, -1 - 0, -49, 34, 18, -9.982604 - 0.427869
719, 758, 759, -1 - -2, 4, 23, -33, 54.435865 - 0.146094
720, 0, 0, 1 - 0, 0, 0, 0, 0.000000 - 0.000000
721, 760, 761, -1 - 12, 8, 43, -35, 31.028169 - 0.721928
722, 762, 763, -1 - -11, 25, 6, -1, -68.504898 - 0.721928
723, 764, 765, -1 - -42, 28, 8, -23, 62.401196 - 0.309543
724, 0, 0, 20 - 0, 0, 0, 0, 0.000000 - 0.000000
725, 0, 0, 21 - 0, 0, 0, 0, 0.000000 - 0.000000
726, 0, 0, 11 - 0, 0, 0, 0, 0.000000 - 0.000000
727, 0, 0, 10 - 0, 0, 0, 0, 0.000000 - 0.000000
728, 0, 0, 18 - 0, 0, 0, 0, 0.000000 - 0.000000
729, 0, 0, 12 - 0, 0, 0, 0, 0.000000 - 0.000000
730, 0, 0, 14 - 0, 0, 0, 0, 0.000000 - 0.000000
731, 0, 0, 2 - 0, 0, 0, 0, 0.000000 - 0.000000
732, 0, 0, 6 - 0, 0, 0, 0, 0.000000 - 0.000000
733, 0, 0, 2 - 0, 0, 0, 0, 0.000000 - 0.000000
734, 0, 0, 7 - 0, 0, 0, 0, 0.000000 - 0.000000
735, 0, 0, 6 - 0, 0, 0, 0, 0.000000 - 0.000000
736, 0, 0, 1 - 0, 0, 0, 0, 0.000000 - 0.000000
737, 0, 0, 2 - 0, 0, 0, 0, 0.000000 - 0.000000
738, 0, 0, 2 - 0, 0, 0, 0, 0.000000 - 0.000000
739, 0, 0, 1 - 0, 0, 0, 0, 0.000000 - 0.000000
740, 0, 0, 1 - 0, 0, 0, 0, 0.000000 - 0.000000
741, 766, 767, -1 - 12, -4, -19, 13, 59.050264 - 0.721928
742, 768, 769, -1 - 10, -44, 1, 2, 26.932585 - 0.627474
743, 770, 771, -1 - 33, 12, 14, -43, 53.758354 - 0.089703
744, 772, 773, -1 - 8, 7, 15, -42, -63.994263 - 0.228095
745, 774, 775, -1 - 10, -22, 9, -40, -71.672720 - 0.049240
746, 776, 777, -1 - 28, 15, 2, -8, 4.519791 - 0.076377
747, 0, 0, 1 - 0, 0, 0, 0, 0.000000 - 0.000000
748, 778, 779, -1 - 15, -14, -3, 8, 23.398541 - 0.439497
749, 0, 0, 1 - 0, 0, 0, 0, 0.000000 - 0.000000
750, 780, 781, -1 - -44, -6, -24, 0, 33.817560 - 0.918296
751, 782, 783, -1 - -15, -25, 35, -43, 47.636341 - 0.041594
752, 784, 785, -1 - 0, -43, -15, -45, -88.470107 - 0.831474
753, 0, 0, 1 - 0, 0, 0, 0, 0.000000 - 0.000000
754, 786, 787, -1 - 0, 6, 6, 7, -49.992370 - 0.811278
755, 0, 0, 1 - 0, 0, 0, 0, 0.000000 - 0.000000
756, 788, 789, -1 - 10, 9, 5, 6, 99.450667 - 0.650022
757, 0, 0, 1 - 0, 0, 0, 0, 0.000000 - 0.000000
758, 0, 0, 2 - 0, 0, 0, 0, 0.000000 - 0.000000
759, 0, 0, 1 - 0, 0, 0, 0, 0.000000 - 0.000000
760, 0, 0, 2 - 0, 0, 0, 0, 0.000000 - 0.000000
761, 0, 0, 1 - 0, 0, 0, 0, 0.000000 - 0.000000
762, 0, 0, 2 - 0, 0, 0, 0, 0.000000 - 0.000000
763, 0, 0, 1 - 0, 0, 0, 0, 0.000000 - 0.000000
764, 0, 0, 1 - 0, 0, 0, 0, 0.000000 - 0.000000
765, 0, 0, 2 - 0, 0, 0, 0, 0.000000 - 0.000000
766, 0, 0, 2 - 0, 0, 0, 0, 0.000000 - 0.000000
767, 0, 0, 1 - 0, 0, 0, 0, 0.000000 - 0.000000
768, 790, 791, -1 - -28, 1, 50, 11, -4.000977 - 0.453716
769, 792, 793, -1 - -7, -35, 5, -41, 7.480087 - 0.286397
770, 0, 0, 2 - 0, 0, 0, 0, 0.000000 - 0.000000
771, 0, 0, 1 - 0, 0, 0, 0, 0.000000 - 0.000000
772, 794, 795, -1 - 2, 51, 6, 21, 29.117710 - 0.137440
773, 796, 797, -1 - 37, 12, -2, 15, -80.242317 - 0.318271
774, 0, 0, 1 - 0, 0, 0, 0, 0.000000 - 0.000000
775, 798, 799, -1 - -4, -38, 3, -10, -1.223792 - 0.173095
776, 800, 801, -1 - -44, -6, -24, 0, 33.817560 - 0.918296
777, 0, 0, 1 - 0, 0, 0, 0, 0.000000 - 0.000000
778, 0, 0, 2 - 0, 0, 0, 0, 0.000000 - 0.000000
779, 0, 0, 1 - 0, 0, 0, 0, 0.000000 - 0.000000
780, 0, 0, 2 - 0, 0, 0, 0, 0.000000 - 0.000000
781, 0, 0, 1 - 0, 0, 0, 0, 0.000000 - 0.000000
782, 0, 0, 2 - 0, 0, 0, 0, 0.000000 - 0.000000
783, 0, 0, 1 - 0, 0, 0, 0, 0.000000 - 0.000000
784, 0, 0, 2 - 0, 0, 0, 0, 0.000000 - 0.000000
785, 0, 0, 1 - 0, 0, 0, 0, 0.000000 - 0.000000
786, 0, 0, 2 - 0, 0, 0, 0, 0.000000 - 0.000000
787, 0, 0, 1 - 0, 0, 0, 0, 0.000000 - 0.000000
788, 0, 0, 2 - 0, 0, 0, 0, 0.000000 - 0.000000
789, 0, 0, 1 - 0, 0, 0, 0, 0.000000 - 0.000000
790, 0, 0, 1 - 0, 0, 0, 0, 0.000000 - 0.000000
791, 0, 0, 2 - 0, 0, 0, 0, 0.000000 - 0.000000
792, 0, 0, 1 - 0, 0, 0, 0, 0.000000 - 0.000000
793, 0, 0, 2 - 0, 0, 0, 0, 0.000000 - 0.000000
794, 802, 803, -1 - 22, -46, -39, -23, -51.884518 - 0.071167
795, 804, 805, -1 - 56, -18, -21, -18, -2.127140 - 0.507334
796, 0, 0, 1 - 0, 0, 0, 0, 0.000000 - 0.000000
797, 806, 807, -1 - 8, 18, 11, 3, -97.857601 - 0.191433
798, 0, 0, 2 - 0, 0, 0, 0, 0.000000 - 0.000000
799, 808, 809, -1 - -3, 15, -41, 3, -46.983245 - 0.272843
800, 0, 0, 2 - 0, 0, 0, 0, 0.000000 - 0.000000
801, 0, 0, 1 - 0, 0, 0, 0, 0.000000 - 0.000000
802, 810, 811, -1 - 50, 25, 10, -6, 34.983367 - 0.970951
803, 0, 0, 1 - 0, 0, 0, 0, 0.000000 - 0.000000
804, 812, 813, -1 - -40, -12, 2, -29, 66.100040 - 0.327024
805, 814, 815, -1 - -6, -28, 0, 0, -29.728080 - 0.119116
806, 0, 0, 1 - 0, 0, 0, 0, 0.000000 - 0.000000
807, 0, 0, 2 - 0, 0, 0, 0, 0.000000 - 0.000000
808, 816, 817, -1 - -44, -6, -24, 0, 33.817560 - 0.918296
809, 0, 0, 1 - 0, 0, 0, 0, 0.000000 - 0.000000
810, 0, 0, 2 - 0, 0, 0, 0, 0.000000 - 0.000000
811, 0, 0, 1 - 0, 0, 0, 0, 0.000000 - 0.000000
812, 0, 0, 1 - 0, 0, 0, 0, 0.000000 - 0.000000
813, 818, 819, -1 - -3, 18, -26, -33, -87.755974 - 0.208634
814, 0, 0, 2 - 0, 0, 0, 0, 0.000000 - 0.000000
815, 0, 0, 1 - 0, 0, 0, 0, 0.000000 - 0.000000
816, 0, 0, 2 - 0, 0, 0, 0, 0.000000 - 0.000000
817, 0, 0, 1 - 0, 0, 0, 0, 0.000000 - 0.000000
818, 820, 821, -1 - -7, -25, 13, 13, -94.958342 - 0.216085
819, 0, 0, 1 - 0, 0, 0, 0, 0.000000 - 0.000000
820, 822, 823, -1 - -8, 7, 3, 21, -55.565050 - 1.000000
821, 0, 0, 2 - 0, 0, 0, 0, 0.000000 - 0.000000
822, 0, 0, 1 - 0, 0, 0, 0, 0.000000 - 0.000000
823, 0, 0, 2 - 0, 0, 0, 0, 0.000000 - 0.000000
