Format: index, leftIndex, rightIndex, class - uX, uY, vX, vY, thresh - Score
1, 2, 3, -1 - 6, -56, -58, 0, 31.272317 - 0.593735
2, 4, 5, -1 - 40, 3, 1, 0, 41.184729 - 0.605418
3, 6, 7, -1 - 2, -20, -11, 0, 86.736656 - 0.656915
4, 8, 9, -1 - -34, -1, 46, -14, 53.910947 - 0.506585
5, 10, 11, -1 - 1, 16, -47, -9, -63.621937 - 0.970684
6, 12, 13, -1 - -29, -20, -7, -33, -36.912137 - 0.702969
7, 14, 15, -1 - -4, 2, -42, -12, -26.371044 - 0.704545
8, 16, 17, -1 - 35, -12, -16, -37, 18.570513 - 0.272883
9, 18, 19, -1 - -29, -7, -32, 39, -70.641194 - 0.442445
10, 20, 21, -1 - 51, 3, -19, 53, 92.352062 - 0.034402
11, 22, 23, -1 - -42, -23, 46, 12, -58.098086 - 0.974365
12, 24, 25, -1 - 45, -20, -55, -20, 93.823054 - 0.789400
13, 26, 27, -1 - 18, -2, -25, -21, 11.502426 - 0.575589
14, 28, 29, -1 - 39, 23, 28, -20, -71.727653 - 0.913483
15, 30, 31, -1 - -8, -18, -31, 39, 98.370312 - 0.632912
16, 32, 33, -1 - 32, -28, -35, -28, 34.067812 - 0.045013
17, 34, 35, -1 - -49, -3, 22, 16, -89.086581 - 0.600411
18, 36, 37, -1 - -26, 44, 23, -10, 25.144200 - 0.042221
19, 38, 39, -1 - -29, 31, 49, -25, 27.616199 - 0.161918
20, 40, 41, -1 - -28, 33, 5, 0, 11.142308 - 0.574636
21, 42, 43, -1 - -8, 7, 3, 21, -55.565050 - 0.008124
22, 44, 45, -1 - 44, -14, 0, 0, 11.484115 - 0.871678
23, 46, 47, -1 - -8, 27, 1, -42, -2.059999 - 0.825089
24, 48, 49, -1 - 29, -41, -32, -21, 48.509171 - 0.555493
25, 50, 51, -1 - 38, 27, -14, -44, 12.356944 - 0.862686
26, 52, 53, -1 - 7, 2, -47, -13, 12.137211 - 0.271990
27, 54, 55, -1 - 52, 1, 6, -19, 54.991302 - 0.477597
28, 56, 57, -1 - 51, 1, 31, -12, -21.518601 - 0.390343
29, 58, 59, -1 - 24, 23, 44, 36, -26.480911 - 0.915723
30, 60, 61, -1 - 26, -52, -49, -21, 21.170690 - 0.932446
31, 62, 63, -1 - -8, 7, 3, -22, -32.316050 - 0.245928
32, 64, 65, -1 - -22, 53, -1, -13, -25.327311 - 0.012218
33, 66, 67, -1 - -9, -28, 2, -14, 47.758415 - 0.674698
34, 68, 69, -1 - 7, 17, 48, 8, 46.574297 - 0.361248
35, 70, 71, -1 - 0, -55, 46, -35, -85.839412 - 0.456808
36, 72, 73, -1 - -29, -10, -13, -33, -17.813654 - 0.958712
37, 74, 75, -1 - -30, -6, -6, -26, 51.438948 - 0.027599
38, 76, 77, -1 - -17, 56, -16, 13, 80.114139 - 0.462631
39, 78, 79, -1 - -14, -21, 52, -13, 71.288186 - 0.078231
40, 0, 0, 2 - 0, 0, 0, 0, 0.000000 - 0.000000
41, 80, 81, -1 - 18, -9, -13, 1, -72.283090 - 0.918296
42, 82, 83, -1 - 18, -9, -13, 1, -72.283090 - 0.811278
43, 84, 85, -1 - -39, -10, -6, 11, 41.898862 - 0.002478
44, 86, 87, -1 - 44, 9, 33, 47, -62.236396 - 0.069757
45, 88, 89, -1 - 14, 3, -10, 12, -51.701407 - 0.890689
46, 90, 91, -1 - -50, -1, -15, 21, 24.332408 - 0.526318
47, 92, 93, -1 - -5, -9, -8, 52, 74.584185 - 0.979430
48, 94, 95, -1 - -8, -46, -36, 5, 31.919309 - 0.884341
49, 96, 97, -1 - -17, -15, -9, -33, -91.027558 - 0.097397
50, 98, 99, -1 - 53, 23, 33, 2, 89.422285 - 0.815720
51, 100, 101, -1 - 12, 1, 21, -10, -29.923399 - 0.860397
52, 102, 103, -1 - -4, -35, -34, -40, 81.334880 - 0.084326
53, 104, 105, -1 - -41, 19, 19, 39, -26.529740 - 0.919777
54, 106, 107, -1 - -8, -57, -58, -14, 32.474746 - 0.327838
55, 108, 109, -1 - 58, -8, 1, 4, 94.409009 - 0.815294
56, 110, 111, -1 - 13, -56, -8, -9, 65.221107 - 0.918296
57, 112, 113, -1 - -22, -36, 14, 50, -98.278756 - 0.087863
58, 114, 115, -1 - 28, -7, 25, -21, -44.413587 - 0.118737
59, 116, 117, -1 - 23, -21, -15, -25, 35.764641 - 0.999999
60, 118, 119, -1 - -9, -11, 9, 0, 79.241310 - 0.550858
61, 120, 121, -1 - 38, -30, 36, -17, 34.128849 - 0.924118
62, 122, 123, -1 - -18, 35, 14, -40, -25.174718 - 0.081359
63, 124, 125, -1 - 37, 11, -23, -35, -5.398724 - 0.350710
64, 126, 127, -1 - 46, 3, 7, -52, -84.398938 - 0.251620
65, 128, 129, -1 - -25, -49, 30, -3, -56.828516 - 0.001239
66, 130, 131, -1 - -15, -48, 35, -16, 26.859340 - 0.509516
67, 132, 133, -1 - -8, -31, 11, 19, 89.434492 - 0.482463
68, 134, 135, -1 - -16, 49, 46, 10, 61.540574 - 0.442330
69, 136, 137, -1 - -2, 14, -56, -3, 15.640736 - 0.063692
70, 0, 0, 10 - 0, 0, 0, 0, 0.000000 - 0.000000
71, 138, 139, -1 - 22, -26, 7, -31, 11.050752 - 0.131008
72, 0, 0, 10 - 0, 0, 0, 0, 0.000000 - 0.000000
73, 0, 0, 19 - 0, 0, 0, 0, 0.000000 - 0.000000
74, 140, 141, -1 - 10, -4, 6, 2, -55.247658 - 0.005131
75, 142, 143, -1 - 41, -11, -29, -5, 92.913602 - 0.293660
76, 144, 145, -1 - 12, 15, 56, -10, -18.521683 - 0.942420
77, 146, 147, -1 - -9, -49, 46, -23, 13.791314 - 0.081417
78, 148, 149, -1 - 50, -30, 12, -58, -25.333415 - 0.110151
79, 150, 151, -1 - 50, -32, 24, -32, 4.745628 - 0.033433
80, 0, 0, 1 - 0, 0, 0, 0, 0.000000 - 0.000000
81, 152, 153, -1 - 0, -55, 46, -35, -85.839412 - 1.000000
82, 0, 0, 4 - 0, 0, 0, 0, 0.000000 - 0.000000
83, 0, 0, 5 - 0, 0, 0, 0, 0.000000 - 0.000000
84, 0, 0, 4 - 0, 0, 0, 0, 0.000000 - 0.000000
85, 0, 0, 3 - 0, 0, 0, 0, 0.000000 - 0.000000
86, 154, 155, -1 - -3, -12, -36, -14, 9.720145 - 0.671024
87, 156, 157, -1 - -20, -16, 43, 16, 77.770318 - 0.005297
88, 158, 159, -1 - 20, 46, 25, 3, 77.550584 - 0.417122
89, 160, 161, -1 - 25, -47, 22, -1, -54.741050 - 0.282123
90, 162, 163, -1 - -43, -40, 25, 8, 95.947142 - 0.939685
91, 164, 165, -1 - 28, -24, 22, -16, 65.276040 - 0.067427
92, 166, 167, -1 - -13, -56, -11, -7, 9.006012 - 0.767345
93, 168, 169, -1 - -27, -8, 14, -7, 35.782952 - 0.051191
94, 0, 0, 15 - 0, 0, 0, 0, 0.000000 - 0.000000
95, 170, 171, -1 - 18, -9, -13, 1, -72.283090 - 0.032139
96, 172, 173, -1 - -45, -13, -34, -4, -1.565600 - 0.067077
97, 174, 175, -1 - 13, -56, -8, -9, 65.221107 - 0.895866
98, 176, 177, -1 - 34, -3, 31, -39, -69.200720 - 0.480992
99, 178, 179, -1 - -31, 37, 28, 36, 45.139927 - 0.083873
100, 180, 181, -1 - 38, -22, 46, 14, -77.568896 - 0.758030
101, 182, 183, -1 - -41, 39, 24, -19, 49.516282 - 0.269635
102, 184, 185, -1 - -29, -5, 17, -3, -31.076998 - 0.043552
103, 186, 187, -1 - -8, -42, -9, -9, 99.871822 - 0.903259
104, 188, 189, -1 - -9, -6, -5, 58, -41.966002 - 0.946734
105, 190, 191, -1 - -47, -18, 0, 1, -12.613300 - 0.873315
106, 192, 193, -1 - -8, -51, 23, -28, 73.491623 - 0.782027
107, 194, 195, -1 - -24, -36, 5, -55, -43.211158 - 0.123754
108, 196, 197, -1 - 7, -54, -41, -15, 37.076937 - 0.780317
109, 198, 199, -1 - 12, -52, 7, 24, 96.429334 - 0.683681
110, 200, 201, -1 - -45, -13, -22, 51, -28.250984 - 0.290024
111, 0, 0, 2 - 0, 0, 0, 0, 0.000000 - 0.000000
112, 202, 203, -1 - -5, 2, -22, -37, 16.067995 - 0.828920
113, 204, 205, -1 - -55, 5, 40, 21, -48.448134 - 0.020272
114, 206, 207, -1 - 1, -8, 0, 12, 6.967376 - 0.205593
115, 208, 209, -1 - -30, 0, -2, -58, -93.023469 - 0.012046
116, 210, 211, -1 - -19, -17, 12, 0, 46.525468 - 0.251984
117, 212, 213, -1 - 3, -25, -5, -4, 97.283853 - 0.608259
118, 214, 215, -1 - -26, 3, -10, -22, -58.983123 - 0.171920
119, 0, 0, 6 - 0, 0, 0, 0, 0.000000 - 0.000000
120, 216, 217, -1 - -25, -18, 6, -9, -50.425733 - 0.699325
121, 218, 219, -1 - -19, 3, -7, -29, 51.676992 - 0.026890
122, 220, 221, -1 - -9, 9, 21, -52, -6.521805 - 0.030667
123, 222, 223, -1 - -15, 5, 21, 36, -65.654469 - 0.560577
124, 0, 0, 7 - 0, 0, 0, 0, 0.000000 - 0.000000
125, 224, 225, -1 - 17, -1, 1, 1, 48.844874 - 0.981941
126, 226, 227, -1 - 27, 17, 14, 28, 49.656667 - 0.116489
127, 0, 0, 3 - 0, 0, 0, 0, 0.000000 - 0.000000
128, 228, 229, -1 - -8, -42, -9, -9, 99.871822 - 0.050477
129, 230, 231, -1 - 18, 5, 2, 4, -40.543840 - 0.000671
130, 232, 233, -1 - 45, 1, 30, 26, -23.020112 - 0.970951
131, 0, 0, 2 - 0, 0, 0, 0, 0.000000 - 0.000000
132, 234, 235, -1 - -29, -10, -13, -33, -17.813654 - 0.322757
133, 0, 0, 10 - 0, 0, 0, 0, 0.000000 - 0.000000
134, 236, 237, -1 - -17, 14, 46, 4, 54.222236 - 0.296232
135, 238, 239, -1 - 0, 0, 49, -24, -40.684225 - 0.755375
136, 240, 241, -1 - 29, -45, -13, 0, 74.773400 - 0.352824
137, 242, 243, -1 - -13, -15, 38, -35, -78.191473 - 0.013233
138, 0, 0, 2 - 0, 0, 0, 0, 0.000000 - 0.000000
139, 244, 245, -1 - 0, 0, 49, -24, -40.684225 - 0.779350
140, 0, 0, 1 - 0, 0, 0, 0, 0.000000 - 0.000000
141, 246, 247, -1 - 9, 24, 16, -15, -83.391827 - 0.001733
142, 248, 249, -1 - 35, -27, -29, 0, -70.488601 - 0.211056
143, 0, 0, 1 - 0, 0, 0, 0, 0.000000 - 0.000000
144, 0, 0, 3 - 0, 0, 0, 0, 0.000000 - 0.000000
145, 250, 251, -1 - 8, 6, -14, 14, -53.361614 - 0.327389
146, 0, 0, 2 - 0, 0, 0, 0, 0.000000 - 0.000000
147, 252, 253, -1 - 54, -8, -1, -20, -90.789514 - 0.166721
148, 254, 255, -1 - 55, -8, 41, -43, -19.577624 - 0.112703
149, 256, 257, -1 - 54, -8, -1, -20, -90.789514 - 0.253187
150, 258, 259, -1 - 48, -16, -41, 3, -81.066317 - 0.030306
151, 260, 261, -1 - 53, -3, 48, -34, -40.055544 - 0.492133
152, 0, 0, 16 - 0, 0, 0, 0, 0.000000 - 0.000000
153, 0, 0, 3 - 0, 0, 0, 0, 0.000000 - 0.000000
154, 0, 0, 18 - 0, 0, 0, 0, 0.000000 - 0.000000
155, 262, 263, -1 - 10, -44, 1, 2, 26.932585 - 0.609840
156, 0, 0, 19 - 0, 0, 0, 0, 0.000000 - 0.000000
157, 264, 265, -1 - 0, 0, 49, -24, -40.684225 - 0.811278
158, 266, 267, -1 - 31, 6, 44, -39, 34.580523 - 0.024013
159, 0, 0, 19 - 0, 0, 0, 0, 0.000000 - 0.000000
160, 268, 269, -1 - -19, 14, 45, -37, 15.927610 - 0.032289
161, 270, 271, -1 - 16, -13, -1, 38, -89.794610 - 1.000000
162, 272, 273, -1 - 0, -55, 46, -35, -85.839412 - 1.000000
163, 0, 0, 2 - 0, 0, 0, 0, 0.000000 - 0.000000
164, 274, 275, -1 - 21, -18, -29, 15, 38.273263 - 0.007649
165, 276, 277, -1 - 22, 22, 25, -53, -24.961089 - 0.825164
166, 278, 279, -1 - 35, -12, -16, -37, 18.570513 - 0.039643
167, 280, 281, -1 - 18, -9, -13, 1, -72.283090 - 0.058758
168, 0, 0, 5 - 0, 0, 0, 0, 0.000000 - 0.000000
169, 0, 0, 4 - 0, 0, 0, 0, 0.000000 - 0.000000
170, 0, 0, 11 - 0, 0, 0, 0, 0.000000 - 0.000000
171, 0, 0, 2 - 0, 0, 0, 0, 0.000000 - 0.000000
172, 282, 283, -1 - -20, 34, 47, -24, -85.009308 - 0.213580
173, 284, 285, -1 - 27, 23, 47, -20, -82.073428 - 0.020465
174, 0, 0, 2 - 0, 0, 0, 0, 0.000000 - 0.000000
175, 286, 287, -1 - 37, -10, 22, -44, -71.544542 - 0.546506
176, 288, 289, -1 - -13, -13, -9, 1, 74.169134 - 0.959113
177, 290, 291, -1 - 15, 0, -14, -56, -62.303537 - 0.149919
178, 292, 293, -1 - 4, -55, 45, 17, 51.853999 - 0.005270
179, 294, 295, -1 - -2, -5, -12, -15, 28.061769 - 0.503258
180, 296, 297, -1 - -8, 17, 38, -22, 86.327708 - 0.131838
181, 298, 299, -1 - -14, -1, 11, 1, 20.175787 - 0.030082
182, 0, 0, 17 - 0, 0, 0, 0, 0.000000 - 0.000000
183, 300, 301, -1 - -29, -12, 1, 0, 6.912442 - 0.857148
184, 302, 303, -1 - 11, -3, -45, 10, 61.540574 - 0.688048
185, 304, 305, -1 - -9, -8, 25, -1, -79.729606 - 0.033900
186, 306, 307, -1 - 0, 1, 24, 3, 91.082492 - 0.145614
187, 0, 0, 10 - 0, 0, 0, 0, 0.000000 - 0.000000
188, 308, 309, -1 - -54, 10, 0, -34, -23.593860 - 0.285339
189, 310, 311, -1 - -7, 50, 7, 26, 73.650319 - 0.607349
190, 312, 313, -1 - 33, -49, -26, -50, 78.533280 - 0.972670
191, 0, 0, 2 - 0, 0, 0, 0, 0.000000 - 0.000000
192, 314, 315, -1 - 11, -39, -30, -26, 50.492874 - 0.330576
193, 316, 317, -1 - 32, 33, -26, 44, -46.549883 - 0.060122
194, 318, 319, -1 - -22, -26, -16, -12, -7.669301 - 0.025975
195, 320, 321, -1 - 13, 0, -7, 32, -42.332224 - 1.000000
196, 322, 323, -1 - -31, 0, 46, -35, -30.191961 - 0.855220
197, 324, 325, -1 - -7, 1, 50, -16, -79.155858 - 0.426328
198, 326, 327, -1 - 9, 41, -53, 8, 57.579272 - 0.991076
199, 328, 329, -1 - 51, 4, 15, 5, 84.154790 - 0.076647
200, 0, 0, 7 - 0, 0, 0, 0, 0.000000 - 0.000000
201, 330, 331, -1 - -44, -6, -24, 0, 33.817560 - 0.086504
202, 0, 0, 6 - 0, 0, 0, 0, 0.000000 - 0.000000
203, 332, 333, -1 - 31, 27, -16, -8, -92.437513 - 0.266765
204, 334, 335, -1 - -46, -33, 0, 16, -77.623829 - 0.189017
205, 336, 337, -1 - -21, -37, -10, 22, 24.344615 - 0.004921
206, 0, 0, 7 - 0, 0, 0, 0, 0.000000 - 0.000000
207, 0, 0, 8 - 0, 0, 0, 0, 0.000000 - 0.000000
208, 338, 339, -1 - -14, -1, 11, 1, 20.175787 - 0.006616
209, 340, 341, -1 - 17, -1, 1, 1, 48.844874 - 1.000000
210, 342, 343, -1 - 12, 3, -33, -20, -93.127232 - 0.019430
211, 344, 345, -1 - -10, -4, -33, 7, 89.153722 - 0.986545
212, 346, 347, -1 - 13, 0, -7, 32, -42.332224 - 0.633457
213, 0, 0, 13 - 0, 0, 0, 0, 0.000000 - 0.000000
214, 348, 349, -1 - 22, -21, -29, -34, 83.318583 - 0.172037
215, 350, 351, -1 - 6, 38, -10, -14, 50.675985 - 0.040038
216, 0, 0, 13 - 0, 0, 0, 0, 0.000000 - 0.000000
217, 352, 353, -1 - 11, -3, -45, 10, 61.540574 - 0.852405
218, 0, 0, 10 - 0, 0, 0, 0, 0.000000 - 0.000000
219, 0, 0, 2 - 0, 0, 0, 0, 0.000000 - 0.000000
220, 354, 355, -1 - -41, 9, -32, 30, -5.233924 - 0.007560
221, 0, 0, 7 - 0, 0, 0, 0, 0.000000 - 0.000000
222, 0, 0, 13 - 0, 0, 0, 0, 0.000000 - 0.000000
223, 356, 357, -1 - 38, 45, 2, -15, -8.987701 - 0.954434
224, 358, 359, -1 - -18, 14, -28, 27, -47.129734 - 0.811278
225, 0, 0, 13 - 0, 0, 0, 0, 0.000000 - 0.000000
226, 360, 361, -1 - -17, 14, 46, 4, 54.222236 - 0.021424
227, 0, 0, 6 - 0, 0, 0, 0, 0.000000 - 0.000000
228, 362, 363, -1 - 2, -53, 16, -3, -9.964293 - 0.022161
229, 364, 365, -1 - 0, -55, 46, -35, -85.839412 - 0.918296
230, 366, 367, -1 - 0, -55, 46, -35, -85.839412 - 0.156491
231, 0, 0, 2 - 0, 0, 0, 0, 0.000000 - 0.000000
232, 368, 369, -1 - 0, -55, 46, -35, -85.839412 - 0.543564
233, 0, 0, 19 - 0, 0, 0, 0, 0.000000 - 0.000000
234, 0, 0, 2 - 0, 0, 0, 0, 0.000000 - 0.000000
235, 0, 0, 19 - 0, 0, 0, 0, 0.000000 - 0.000000
236, 370, 371, -1 - 42, -23, 45, 7, 91.808832 - 0.071735
237, 372, 373, -1 - 33, -46, 9, -30, -92.175054 - 0.840359
238, 0, 0, 18 - 0, 0, 0, 0, 0.000000 - 0.000000
239, 0, 0, 2 - 0, 0, 0, 0, 0.000000 - 0.000000
240, 374, 375, -1 - 28, -25, -50, 9, -38.651692 - 0.556657
241, 0, 0, 18 - 0, 0, 0, 0, 0.000000 - 0.000000
242, 0, 0, 2 - 0, 0, 0, 0, 0.000000 - 0.000000
243, 376, 377, -1 - -43, -14, 43, -16, -19.919431 - 0.003762
244, 0, 0, 18 - 0, 0, 0, 0, 0.000000 - 0.000000
245, 0, 0, 2 - 0, 0, 0, 0, 0.000000 - 0.000000
246, 378, 379, -1 - 0, -28, -50, -11, -8.206427 - 0.249882
247, 0, 0, 2 - 0, 0, 0, 0, 0.000000 - 0.000000
248, 380, 381, -1 - -17, -23, -20, -45, -17.307047 - 0.788076
249, 0, 0, 2 - 0, 0, 0, 0, 0.000000 - 0.000000
250, 0, 0, 1 - 0, 0, 0, 0, 0.000000 - 0.000000
251, 382, 383, -1 - 7, -1, 10, 35, 1.406903 - 0.413817
252, 384, 385, -1 - -30, 6, -36, -4, -85.985900 - 0.275005
253, 386, 387, -1 - 8, -15, 51, -15, 55.400250 - 0.034768
254, 388, 389, -1 - 21, -39, 22, -5, 56.346324 - 0.549286
255, 390, 391, -1 - 8, -21, 2, -42, -55.247658 - 0.090073
256, 0, 0, 1 - 0, 0, 0, 0, 0.000000 - 0.000000
257, 392, 393, -1 - 0, 0, 49, -24, -40.684225 - 0.055498
258, 394, 395, -1 - 38, 26, 50, -20, -62.590411 - 0.006882
259, 396, 397, -1 - 36, 30, -26, 32, 42.197943 - 0.276195
260, 398, 399, -1 - -5, 1, 23, -10, -2.426222 - 0.190349
261, 400, 401, -1 - 29, -45, 47, -30, 5.795465 - 0.072515
262, 0, 0, 18 - 0, 0, 0, 0, 0.000000 - 0.000000
263, 0, 0, 19 - 0, 0, 0, 0, 0.000000 - 0.000000
264, 0, 0, 18 - 0, 0, 0, 0, 0.000000 - 0.000000
265, 0, 0, 19 - 0, 0, 0, 0, 0.000000 - 0.000000
266, 402, 403, -1 - 35, -12, -16, -37, 18.570513 - 0.721928
267, 404, 405, -1 - 12, 15, 56, -10, -18.521683 - 0.015523
268, 406, 407, -1 - 17, -1, 1, 1, 48.844874 - 0.026736
269, 408, 409, -1 - 18, -9, -13, 1, -72.283090 - 0.918296
270, 410, 411, -1 - -18, 9, 13, 7, 36.295663 - 0.988699
271, 412, 413, -1 - 12, -7, 8, -21, 56.028932 - 0.857148
272, 0, 0, 10 - 0, 0, 0, 0, 0.000000 - 0.000000
273, 414, 415, -1 - 5, 22, 28, 43, 29.264199 - 0.615827
274, 416, 417, -1 - 9, 31, -45, 16, 81.670583 - 1.000000
275, 0, 0, 4 - 0, 0, 0, 0, 0.000000 - 0.000000
276, 0, 0, 3 - 0, 0, 0, 0, 0.000000 - 0.000000
277, 418, 419, -1 - 24, -15, 49, -25, -57.377850 - 0.337290
278, 0, 0, 2 - 0, 0, 0, 0, 0.000000 - 0.000000
279, 0, 0, 18 - 0, 0, 0, 0, 0.000000 - 0.000000
280, 0, 0, 1 - 0, 0, 0, 0, 0.000000 - 0.000000
281, 0, 0, 2 - 0, 0, 0, 0, 0.000000 - 0.000000
282, 0, 0, 11 - 0, 0, 0, 0, 0.000000 - 0.000000
283, 0, 0, 10 - 0, 0, 0, 0, 0.000000 - 0.000000
284, 420, 421, -1 - -14, -31, -6, 41, 23.856319 - 0.238003
285, 422, 423, -1 - -13, -6, -46, 1, 84.966582 - 0.005332
286, 0, 0, 10 - 0, 0, 0, 0, 0.000000 - 0.000000
287, 424, 425, -1 - -29, -10, -13, -33, -17.813654 - 0.721928
288, 0, 0, 10 - 0, 0, 0, 0, 0.000000 - 0.000000
289, 0, 0, 11 - 0, 0, 0, 0, 0.000000 - 0.000000
290, 426, 427, -1 - 33, 0, 30, -32, -89.135411 - 0.044475
291, 428, 429, -1 - 16, 7, -1, 0, 90.533158 - 0.413817
292, 0, 0, 11 - 0, 0, 0, 0, 0.000000 - 0.000000
293, 430, 431, -1 - -9, -3, -57, -8, 10.556352 - 0.266765
294, 0, 0, 10 - 0, 0, 0, 0, 0.000000 - 0.000000
295, 0, 0, 11 - 0, 0, 0, 0, 0.000000 - 0.000000
296, 0, 0, 15 - 0, 0, 0, 0, 0.000000 - 0.000000
297, 432, 433, -1 - 27, 3, -22, 26, -81.530198 - 0.693037
298, 434, 435, -1 - -28, -49, 24, -37, 14.774010 - 0.019525
299, 436, 437, -1 - -22, -28, -17, 5, -2.255318 - 0.918296
300, 438, 439, -1 - 17, -1, 1, 1, 48.844874 - 0.918296
301, 0, 0, 21 - 0, 0, 0, 0, 0.000000 - 0.000000
302, 440, 441, -1 - 38, 45, 2, -15, -8.987701 - 0.503258
303, 0, 0, 6 - 0, 0, 0, 0, 0.000000 - 0.000000
304, 442, 443, -1 - -1, -51, 43, -29, 16.751610 - 0.836641
305, 444, 445, -1 - 0, -20, 30, -2, -24.063845 - 0.008262
306, 0, 0, 2 - 0, 0, 0, 0, 0.000000 - 0.000000
307, 0, 0, 10 - 0, 0, 0, 0, 0.000000 - 0.000000
308, 446, 447, -1 - 0, -55, 46, -35, -85.839412 - 0.721928
309, 448, 449, -1 - -44, 19, 16, -30, 87.597278 - 0.026226
310, 450, 451, -1 - -44, -28, -21, 7, 13.608203 - 0.918296
311, 0, 0, 15 - 0, 0, 0, 0, 0.000000 - 0.000000
312, 452, 453, -1 - -3, -3, -46, -30, 11.044649 - 0.609840
313, 454, 455, -1 - -19, -18, 45, -16, -93.102817 - 0.167027
314, 456, 457, -1 - 23, -27, -22, -42, 15.567492 - 0.019924
315, 458, 459, -1 - -32, -40, -10, -44, -74.132511 - 0.996134
316, 0, 0, 10 - 0, 0, 0, 0, 0.000000 - 0.000000
317, 0, 0, 14 - 0, 0, 0, 0, 0.000000 - 0.000000
318, 0, 0, 15 - 0, 0, 0, 0, 0.000000 - 0.000000
319, 460, 461, -1 - 23, 34, -9, -10, 45.219275 - 0.006364
320, 462, 463, -1 - 0, -55, 46, -35, -85.839412 - 0.503258
321, 464, 465, -1 - 12, 15, 56, -10, -18.521683 - 0.943602
322, 466, 467, -1 - 9, 31, -45, 16, 81.670583 - 0.903343
323, 468, 469, -1 - -4, -38, 3, -10, -1.223792 - 0.161562
324, 470, 471, -1 - 34, -40, 56, 5, -56.608783 - 0.956105
325, 472, 473, -1 - 19, -48, 53, 10, 70.830409 - 0.216660
326, 474, 475, -1 - -19, -18, 45, -16, -93.102817 - 0.999969
327, 476, 477, -1 - 24, -21, 33, -41, -83.721427 - 0.819291
328, 478, 479, -1 - 9, 1, -16, 0, 12.302011 - 0.493967
329, 480, 481, -1 - 38, -15, 25, 36, -31.907102 - 0.009984
330, 0, 0, 6 - 0, 0, 0, 0, 0.000000 - 0.000000
331, 0, 0, 7 - 0, 0, 0, 0, 0.000000 - 0.000000
332, 0, 0, 7 - 0, 0, 0, 0, 0.000000 - 0.000000
333, 0, 0, 6 - 0, 0, 0, 0, 0.000000 - 0.000000
334, 0, 0, 7 - 0, 0, 0, 0, 0.000000 - 0.000000
335, 482, 483, -1 - -42, 23, 18, 1, -27.811518 - 0.771558
336, 0, 0, 6 - 0, 0, 0, 0, 0.000000 - 0.000000
337, 0, 0, 7 - 0, 0, 0, 0, 0.000000 - 0.000000
338, 484, 485, -1 - 30, 49, -50, 27, 85.509812 - 0.006407
339, 486, 487, -1 - 0, -23, -7, 8, 64.030885 - 0.276195
340, 0, 0, 7 - 0, 0, 0, 0, 0.000000 - 0.000000
341, 0, 0, 5 - 0, 0, 0, 0, 0.000000 - 0.000000
342, 488, 489, -1 - 11, 1, -6, 4, 48.136845 - 0.954434
343, 490, 491, -1 - -21, 24, 12, -7, -24.063845 - 0.011055
344, 492, 493, -1 - 17, -1, 1, 1, 48.844874 - 0.297472
345, 0, 0, 8 - 0, 0, 0, 0, 0.000000 - 0.000000
346, 494, 495, -1 - 3, -27, 52, 2, -10.397656 - 0.123115
347, 496, 497, -1 - -29, -10, -13, -33, -17.813654 - 0.870864
348, 0, 0, 6 - 0, 0, 0, 0, 0.000000 - 0.000000
349, 0, 0, 10 - 0, 0, 0, 0, 0.000000 - 0.000000
350, 498, 499, -1 - -11, -14, 33, -19, -3.128147 - 0.009293
351, 0, 0, 6 - 0, 0, 0, 0, 0.000000 - 0.000000
352, 500, 501, -1 - -22, -28, -17, 5, -2.255318 - 0.721928
353, 0, 0, 14 - 0, 0, 0, 0, 0.000000 - 0.000000
354, 502, 503, -1 - 17, -1, 1, 1, 48.844874 - 0.811278
355, 504, 505, -1 - -11, 44, 11, -44, -41.264077 - 0.005557
356, 0, 0, 2 - 0, 0, 0, 0, 0.000000 - 0.000000
357, 0, 0, 5 - 0, 0, 0, 0, 0.000000 - 0.000000
358, 0, 0, 12 - 0, 0, 0, 0, 0.000000 - 0.000000
359, 506, 507, -1 - -29, -10, -13, -33, -17.813654 - 1.000000
360, 508, 509, -1 - -1, 52, 26, 37, 33.182775 - 0.021462
361, 0, 0, 3 - 0, 0, 0, 0, 0.000000 - 0.000000
362, 510, 511, -1 - -21, -13, 24, -2, 30.784021 - 0.228918
363, 0, 0, 2 - 0, 0, 0, 0, 0.000000 - 0.000000
364, 0, 0, 10 - 0, 0, 0, 0, 0.000000 - 0.000000
365, 0, 0, 14 - 0, 0, 0, 0, 0.000000 - 0.000000
366, 0, 0, 10 - 0, 0, 0, 0, 0.000000 - 0.000000
367, 0, 0, 2 - 0, 0, 0, 0, 0.000000 - 0.000000
368, 0, 0, 10 - 0, 0, 0, 0, 0.000000 - 0.000000
369, 0, 0, 18 - 0, 0, 0, 0, 0.000000 - 0.000000
370, 0, 0, 19 - 0, 0, 0, 0, 0.000000 - 0.000000
371, 512, 513, -1 - -26, 19, 16, -43, 76.189459 - 0.881291
372, 514, 515, -1 - 0, 0, 49, -24, -40.684225 - 0.591673
373, 0, 0, 18 - 0, 0, 0, 0, 0.000000 - 0.000000
374, 516, 517, -1 - -2, -12, 29, -42, -56.230354 - 0.568115
375, 0, 0, 18 - 0, 0, 0, 0, 0.000000 - 0.000000
376, 0, 0, 18 - 0, 0, 0, 0, 0.000000 - 0.000000
377, 518, 519, -1 - 24, 2, 43, -7, 84.185308 - 0.191433
378, 0, 0, 2 - 0, 0, 0, 0, 0.000000 - 0.000000
379, 0, 0, 1 - 0, 0, 0, 0, 0.000000 - 0.000000
380, 520, 521, -1 - 24, -6, 0, 1, -4.129154 - 0.391244
381, 0, 0, 2 - 0, 0, 0, 0, 0.000000 - 0.000000
382, 0, 0, 2 - 0, 0, 0, 0, 0.000000 - 0.000000
383, 0, 0, 1 - 0, 0, 0, 0, 0.000000 - 0.000000
384, 0, 0, 2 - 0, 0, 0, 0, 0.000000 - 0.000000
385, 522, 523, -1 - -22, 8, -1, -17, -84.740745 - 0.470735
386, 0, 0, 2 - 0, 0, 0, 0, 0.000000 - 0.000000
387, 524, 525, -1 - -41, -36, 14, 55, 78.545488 - 0.764204
388, 0, 0, 2 - 0, 0, 0, 0, 0.000000 - 0.000000
389, 526, 527, -1 - 48, -16, -41, 3, -81.066317 - 0.609496
390, 528, 529, -1 - 0, 10, 9, -28, 62.175359 - 0.032795
391, 530, 531, -1 - -3, 7, -12, -9, 27.780999 - 0.451804
392, 0, 0, 1 - 0, 0, 0, 0, 0.000000 - 0.000000
393, 532, 533, -1 - -11, -6, -18, -13, -7.083346 - 0.037369
394, 534, 535, -1 - 36, 28, -26, 15, -91.131321 - 0.156942
395, 0, 0, 1 - 0, 0, 0, 0, 0.000000 - 0.000000
396, 0, 0, 2 - 0, 0, 0, 0, 0.000000 - 0.000000
397, 0, 0, 1 - 0, 0, 0, 0, 0.000000 - 0.000000
398, 0, 0, 1 - 0, 0, 0, 0, 0.000000 - 0.000000
399, 0, 0, 2 - 0, 0, 0, 0, 0.000000 - 0.000000
400, 536, 537, -1 - 5, 13, 24, -38, 39.182714 - 0.650022
401, 538, 539, -1 - 50, -30, 12, -58, -25.333415 - 0.015537
402, 0, 0, 20 - 0, 0, 0, 0, 0.000000 - 0.000000
403, 0, 0, 21 - 0, 0, 0, 0, 0.000000 - 0.000000
404, 0, 0, 18 - 0, 0, 0, 0, 0.000000 - 0.000000
405, 0, 0, 20 - 0, 0, 0, 0, 0.000000 - 0.000000
406, 0, 0, 20 - 0, 0, 0, 0, 0.000000 - 0.000000
407, 0, 0, 21 - 0, 0, 0, 0, 0.000000 - 0.000000
408, 0, 0, 1 - 0, 0, 0, 0, 0.000000 - 0.000000
409, 0, 0, 20 - 0, 0, 0, 0, 0.000000 - 0.000000
410, 540, 541, -1 - 0, -55, 46, -35, -85.839412 - 0.863121
411, 0, 0, 20 - 0, 0, 0, 0, 0.000000 - 0.000000
412, 0, 0, 16 - 0, 0, 0, 0, 0.000000 - 0.000000
413, 0, 0, 17 - 0, 0, 0, 0, 0.000000 - 0.000000
414, 542, 543, -1 - -44, -6, -24, 0, 33.817560 - 0.890492
415, 544, 545, -1 - 9, -10, 11, 0, -23.191015 - 0.318215
416, 0, 0, 4 - 0, 0, 0, 0, 0.000000 - 0.000000
417, 0, 0, 3 - 0, 0, 0, 0, 0.000000 - 0.000000
418, 0, 0, 3 - 0, 0, 0, 0, 0.000000 - 0.000000
419, 0, 0, 4 - 0, 0, 0, 0, 0.000000 - 0.000000
420, 0, 0, 10 - 0, 0, 0, 0, 0.000000 - 0.000000
421, 546, 547, -1 - -31, 14, 50, 4, -32.340464 - 0.410727
422, 548, 549, -1 - -10, -33, 7, 0, 70.000305 - 0.002600
423, 0, 0, 11 - 0, 0, 0, 0, 0.000000 - 0.000000
424, 0, 0, 15 - 0, 0, 0, 0, 0.000000 - 0.000000
425, 0, 0, 2 - 0, 0, 0, 0, 0.000000 - 0.000000
426, 550, 551, -1 - -29, -10, -13, -33, -17.813654 - 0.881291
427, 552, 553, -1 - -24, -10, 0, 44, 13.327433 - 0.015645
428, 0, 0, 12 - 0, 0, 0, 0, 0.000000 - 0.000000
429, 0, 0, 13 - 0, 0, 0, 0, 0.000000 - 0.000000
430, 0, 0, 10 - 0, 0, 0, 0, 0.000000 - 0.000000
431, 0, 0, 11 - 0, 0, 0, 0, 0.000000 - 0.000000
432, 0, 0, 15 - 0, 0, 0, 0, 0.000000 - 0.000000
433, 554, 555, -1 - 4, 0, -7, 23, -30.027161 - 0.439497
434, 0, 0, 16 - 0, 0, 0, 0, 0.000000 - 0.000000
435, 0, 0, 15 - 0, 0, 0, 0, 0.000000 - 0.000000
436, 0, 0, 17 - 0, 0, 0, 0, 0.000000 - 0.000000
437, 0, 0, 16 - 0, 0, 0, 0, 0.000000 - 0.000000
438, 556, 557, -1 - 18, -9, -13, 1, -72.283090 - 0.918296
439, 0, 0, 16 - 0, 0, 0, 0, 0.000000 - 0.000000
440, 0, 0, 2 - 0, 0, 0, 0, 0.000000 - 0.000000
441, 0, 0, 14 - 0, 0, 0, 0, 0.000000 - 0.000000
442, 558, 559, -1 - 0, 0, 49, -24, -40.684225 - 1.000000
443, 0, 0, 14 - 0, 0, 0, 0, 0.000000 - 0.000000
444, 560, 561, -1 - 23, -3, 44, -14, 74.083682 - 0.285572
445, 562, 563, -1 - 24, 1, 3, 4, 80.339976 - 0.003919
446, 0, 0, 16 - 0, 0, 0, 0, 0.000000 - 0.000000
447, 0, 0, 10 - 0, 0, 0, 0, 0.000000 - 0.000000
448, 0, 0, 14 - 0, 0, 0, 0, 0.000000 - 0.000000
449, 0, 0, 15 - 0, 0, 0, 0, 0.000000 - 0.000000
450, 0, 0, 16 - 0, 0, 0, 0, 0.000000 - 0.000000
451, 0, 0, 11 - 0, 0, 0, 0, 0.000000 - 0.000000
452, 564, 565, -1 - 0, -55, 46, -35, -85.839412 - 0.309543
453, 0, 0, 18 - 0, 0, 0, 0, 0.000000 - 0.000000
454, 566, 567, -1 - -22, -28, -17, 5, -2.255318 - 1.000000
455, 0, 0, 19 - 0, 0, 0, 0, 0.000000 - 0.000000
456, 0, 0, 2 - 0, 0, 0, 0, 0.000000 - 0.000000
457, 0, 0, 14 - 0, 0, 0, 0, 0.000000 - 0.000000
458, 0, 0, 14 - 0, 0, 0, 0, 0.000000 - 0.000000
459, 568, 569, -1 - 16, -13, -1, 38, -89.794610 - 0.742488
460, 570, 571, -1 - 17, -1, 1, 1, 48.844874 - 0.578795
461, 572, 573, -1 - -30, -5, -10, -11, 4.886013 - 0.003277
462, 0, 0, 16 - 0, 0, 0, 0, 0.000000 - 0.000000
463, 0, 0, 12 - 0, 0, 0, 0, 0.000000 - 0.000000
464, 0, 0, 11 - 0, 0, 0, 0, 0.000000 - 0.000000
465, 574, 575, -1 - 0, -55, 46, -35, -85.839412 - 0.961237
466, 0, 0, 2 - 0, 0, 0, 0, 0.000000 - 0.000000
467, 576, 577, -1 - 12, -7, 8, -21, 56.028932 - 0.913240
468, 578, 579, -1 - 1, -5, -3, -15, -73.821223 - 0.025596
469, 580, 581, -1 - 18, 25, 7, -46, 23.349712 - 0.932112
470, 582, 583, -1 - 27, -34, -6, -12, 70.793786 - 0.999101
471, 584, 585, -1 - -22, -28, -17, 5, -2.255318 - 0.427659
472, 0, 0, 15 - 0, 0, 0, 0, 0.000000 - 0.000000
473, 586, 587, -1 - -8, -2, -15, -10, -42.338328 - 0.022573
474, 588, 589, -1 - 14, 3, -10, 12, -51.701407 - 0.965268
475, 590, 591, -1 - 54, 18, 45, 4, 50.401318 - 0.207658
476, 592, 593, -1 - 28, 8, -17, -3, -83.159886 - 0.034385
477, 594, 595, -1 - 17, -1, 1, 1, 48.844874 - 0.908178
478, 596, 597, -1 - 19, -48, 53, 10, 70.830409 - 0.403906
479, 0, 0, 14 - 0, 0, 0, 0, 0.000000 - 0.000000
480, 0, 0, 15 - 0, 0, 0, 0, 0.000000 - 0.000000
481, 598, 599, -1 - -29, -10, -13, -33, -17.813654 - 0.863121
482, 0, 0, 7 - 0, 0, 0, 0, 0.000000 - 0.000000
483, 600, 601, -1 - -29, -10, -13, -33, -17.813654 - 0.391244
484, 0, 0, 7 - 0, 0, 0, 0, 0.000000 - 0.000000
485, 602, 603, -1 - -55, 5, 40, 21, -48.448134 - 0.007685
486, 0, 0, 8 - 0, 0, 0, 0, 0.000000 - 0.000000
487, 0, 0, 9 - 0, 0, 0, 0, 0.000000 - 0.000000
488, 0, 0, 8 - 0, 0, 0, 0, 0.000000 - 0.000000
489, 0, 0, 9 - 0, 0, 0, 0, 0.000000 - 0.000000
490, 604, 605, -1 - -29, 9, 13, 46, 40.641499 - 0.009116
491, 0, 0, 8 - 0, 0, 0, 0, 0.000000 - 0.000000
492, 0, 0, 7 - 0, 0, 0, 0, 0.000000 - 0.000000
493, 0, 0, 9 - 0, 0, 0, 0, 0.000000 - 0.000000
494, 0, 0, 12 - 0, 0, 0, 0, 0.000000 - 0.000000
495, 0, 0, 13 - 0, 0, 0, 0, 0.000000 - 0.000000
496, 0, 0, 2 - 0, 0, 0, 0, 0.000000 - 0.000000
497, 606, 607, -1 - 0, -55, 46, -35, -85.839412 - 0.985228
498, 0, 0, 2 - 0, 0, 0, 0, 0.000000 - 0.000000
499, 0, 0, 6 - 0, 0, 0, 0, 0.000000 - 0.000000
500, 608, 609, -1 - 0, 0, 49, -24, -40.684225 - 0.811278
501, 0, 0, 6 - 0, 0, 0, 0, 0.000000 - 0.000000
502, 0, 0, 2 - 0, 0, 0, 0, 0.000000 - 0.000000
503, 0, 0, 10 - 0, 0, 0, 0, 0.000000 - 0.000000
504, 0, 0, 6 - 0, 0, 0, 0, 0.000000 - 0.000000
505, 610, 611, -1 - -17, -16, 8, -44, -27.628407 - 0.165538
506, 0, 0, 6 - 0, 0, 0, 0, 0.000000 - 0.000000
507, 0, 0, 11 - 0, 0, 0, 0, 0.000000 - 0.000000
508, 0, 0, 2 - 0, 0, 0, 0, 0.000000 - 0.000000
509, 0, 0, 6 - 0, 0, 0, 0, 0.000000 - 0.000000
510, 612, 613, -1 - 15, -10, 28, -22, -46.519364 - 0.187176
511, 0, 0, 18 - 0, 0, 0, 0, 0.000000 - 0.000000
512, 0, 0, 18 - 0, 0, 0, 0, 0.000000 - 0.000000
513, 0, 0, 19 - 0, 0, 0, 0, 0.000000 - 0.000000
514, 0, 0, 2 - 0, 0, 0, 0, 0.000000 - 0.000000
515, 0, 0, 19 - 0, 0, 0, 0, 0.000000 - 0.000000
516, 614, 615, -1 - 51, 10, 20, -34, -60.374767 - 0.503258
517, 0, 0, 2 - 0, 0, 0, 0, 0.000000 - 0.000000
518, 0, 0, 18 - 0, 0, 0, 0, 0.000000 - 0.000000
519, 0, 0, 2 - 0, 0, 0, 0, 0.000000 - 0.000000
520, 0, 0, 1 - 0, 0, 0, 0, 0.000000 - 0.000000
521, 0, 0, 2 - 0, 0, 0, 0, 0.000000 - 0.000000
522, 616, 617, -1 - 48, -16, -41, 3, -81.066317 - 0.224907
523, 618, 619, -1 - 12, -7, 8, -21, 56.028932 - 0.120681
524, 0, 0, 1 - 0, 0, 0, 0, 0.000000 - 0.000000
525, 0, 0, 2 - 0, 0, 0, 0, 0.000000 - 0.000000
526, 620, 621, -1 - -25, 17, 29, 45, 16.220588 - 0.114313
527, 0, 0, 2 - 0, 0, 0, 0, 0.000000 - 0.000000
528, 622, 623, -1 - -17, 29, 12, -41, 49.369793 - 0.089272
529, 0, 0, 1 - 0, 0, 0, 0, 0.000000 - 0.000000
530, 624, 625, -1 - 3, -40, -14, -3, 11.429182 - 0.287113
531, 626, 627, -1 - 5, -47, -3, 33, -73.796808 - 0.180837
532, 0, 0, 1 - 0, 0, 0, 0, 0.000000 - 0.000000
533, 0, 0, 2 - 0, 0, 0, 0, 0.000000 - 0.000000
534, 628, 629, -1 - 48, -18, -2, 6, 61.882382 - 0.594331
535, 0, 0, 1 - 0, 0, 0, 0, 0.000000 - 0.000000
536, 0, 0, 2 - 0, 0, 0, 0, 0.000000 - 0.000000
537, 0, 0, 1 - 0, 0, 0, 0, 0.000000 - 0.000000
538, 0, 0, 1 - 0, 0, 0, 0, 0.000000 - 0.000000
539, 630, 631, -1 - -22, 3, 51, 3, 15.598010 - 0.147838
540, 0, 0, 21 - 0, 0, 0, 0, 0.000000 - 0.000000
541, 632, 633, -1 - 0, -28, -50, -11, -8.206427 - 0.811278
542, 0, 0, 4 - 0, 0, 0, 0, 0.000000 - 0.000000
543, 0, 0, 9 - 0, 0, 0, 0, 0.000000 - 0.000000
544, 0, 0, 4 - 0, 0, 0, 0, 0.000000 - 0.000000
545, 0, 0, 5 - 0, 0, 0, 0, 0.000000 - 0.000000
546, 634, 635, -1 - -40, -22, -42, -41, -54.667806 - 0.383238
547, 636, 637, -1 - 25, -44, 30, 42, 27.329325 - 0.468996
548, 638, 639, -1 - -11, -12, -35, -38, -2.066103 - 0.193643
549, 0, 0, 10 - 0, 0, 0, 0, 0.000000 - 0.000000
550, 0, 0, 10 - 0, 0, 0, 0, 0.000000 - 0.000000
551, 0, 0, 11 - 0, 0, 0, 0, 0.000000 - 0.000000
552, 0, 0, 12 - 0, 0, 0, 0, 0.000000 - 0.000000
553, 640, 641, -1 - -52, 9, 18, 4, -29.606006 - 0.301461
554, 0, 0, 15 - 0, 0, 0, 0, 0.000000 - 0.000000
555, 0, 0, 16 - 0, 0, 0, 0, 0.000000 - 0.000000
556, 0, 0, 15 - 0, 0, 0, 0, 0.000000 - 0.000000
557, 642, 643, -1 - 0, 0, 49, -24, -40.684225 - 1.000000
558, 644, 645, -1 - -29, -10, -13, -33, -17.813654 - 0.918296
559, 646, 647, -1 - 17, -1, 1, 1, 48.844874 - 0.650022
560, 648, 649, -1 - -9, -28, 2, -14, 47.758415 - 0.066561
561, 650, 651, -1 - -29, -10, -13, -33, -17.813654 - 0.996792
562, 652, 653, -1 - 22, 2, -2, -11, 27.988525 - 0.002221
563, 0, 0, 10 - 0, 0, 0, 0, 0.000000 - 0.000000
564, 0, 0, 2 - 0, 0, 0, 0, 0.000000 - 0.000000
565, 0, 0, 14 - 0, 0, 0, 0, 0.000000 - 0.000000
566, 0, 0, 16 - 0, 0, 0, 0, 0.000000 - 0.000000
567, 0, 0, 20 - 0, 0, 0, 0, 0.000000 - 0.000000
568, 654, 655, -1 - 17, -1, 1, 1, 48.844874 - 1.000000
569, 0, 0, 17 - 0, 0, 0, 0, 0.000000 - 0.000000
570, 656, 657, -1 - -32, 22, -1, 23, 69.286172 - 1.000000
571, 0, 0, 14 - 0, 0, 0, 0, 0.000000 - 0.000000
572, 658, 659, -1 - 15, 49, -50, 7, 40.665914 - 0.001919
573, 0, 0, 15 - 0, 0, 0, 0, 0.000000 - 0.000000
574, 0, 0, 17 - 0, 0, 0, 0, 0.000000 - 0.000000
575, 660, 661, -1 - 17, -1, 1, 1, 48.844874 - 0.970951
576, 662, 663, -1 - -29, -10, -13, -33, -17.813654 - 0.266765
577, 0, 0, 17 - 0, 0, 0, 0, 0.000000 - 0.000000
578, 0, 0, 19 - 0, 0, 0, 0, 0.000000 - 0.000000
579, 0, 0, 18 - 0, 0, 0, 0, 0.000000 - 0.000000
580, 0, 0, 19 - 0, 0, 0, 0, 0.000000 - 0.000000
581, 664, 665, -1 - 0, 0, 49, -24, -40.684225 - 0.996792
582, 0, 0, 2 - 0, 0, 0, 0, 0.000000 - 0.000000
583, 0, 0, 14 - 0, 0, 0, 0, 0.000000 - 0.000000
584, 666, 667, -1 - -29, -10, -13, -33, -17.813654 - 0.991076
585, 0, 0, 10 - 0, 0, 0, 0, 0.000000 - 0.000000
586, 0, 0, 15 - 0, 0, 0, 0, 0.000000 - 0.000000
587, 668, 669, -1 - -8, -46, -36, 5, 31.919309 - 0.012410
588, 0, 0, 20 - 0, 0, 0, 0, 0.000000 - 0.000000
589, 670, 671, -1 - 17, -1, 1, 1, 48.844874 - 0.123950
590, 0, 0, 19 - 0, 0, 0, 0, 0.000000 - 0.000000
591, 0, 0, 18 - 0, 0, 0, 0, 0.000000 - 0.000000
592, 0, 0, 15 - 0, 0, 0, 0, 0.000000 - 0.000000
593, 0, 0, 16 - 0, 0, 0, 0, 0.000000 - 0.000000
594, 0, 0, 15 - 0, 0, 0, 0, 0.000000 - 0.000000
595, 0, 0, 17 - 0, 0, 0, 0, 0.000000 - 0.000000
596, 672, 673, -1 - -25, 23, -9, 21, -51.860103 - 0.178366
597, 0, 0, 14 - 0, 0, 0, 0, 0.000000 - 0.000000
598, 674, 675, -1 - -28, 25, 34, -11, -44.877468 - 1.000000
599, 0, 0, 15 - 0, 0, 0, 0, 0.000000 - 0.000000
600, 0, 0, 2 - 0, 0, 0, 0, 0.000000 - 0.000000
601, 676, 677, -1 - -6, 51, 20, 30, -29.831843 - 0.413817
602, 0, 0, 8 - 0, 0, 0, 0, 0.000000 - 0.000000
603, 0, 0, 7 - 0, 0, 0, 0, 0.000000 - 0.000000
604, 0, 0, 9 - 0, 0, 0, 0, 0.000000 - 0.000000
605, 678, 679, -1 - -30, 10, 3, 18, -28.531755 - 0.721928
606, 0, 0, 17 - 0, 0, 0, 0, 0.000000 - 0.000000
607, 680, 681, -1 - 17, -1, 1, 1, 48.844874 - 0.811278
608, 0, 0, 11 - 0, 0, 0, 0, 0.000000 - 0.000000
609, 0, 0, 15 - 0, 0, 0, 0, 0.000000 - 0.000000
610, 682, 683, -1 - -27, -15, 12, -43, -90.673544 - 0.954434
611, 684, 685, -1 - -22, -42, -39, 7, -70.482498 - 0.063068
612, 0, 0, 18 - 0, 0, 0, 0, 0.000000 - 0.000000
613, 0, 0, 2 - 0, 0, 0, 0, 0.000000 - 0.000000
614, 0, 0, 2 - 0, 0, 0, 0, 0.000000 - 0.000000
615, 0, 0, 18 - 0, 0, 0, 0, 0.000000 - 0.000000
616, 686, 687, -1 - 21, -23, 33, -34, -93.438520 - 0.213132
617, 0, 0, 2 - 0, 0, 0, 0, 0.000000 - 0.000000
618, 0, 0, 2 - 0, 0, 0, 0, 0.000000 - 0.000000
619, 0, 0, 1 - 0, 0, 0, 0, 0.000000 - 0.000000
620, 688, 689, -1 - -28, 1, 50, 11, -4.000977 - 0.049103
621, 690, 691, -1 - -7, 1, 50, -16, -79.155858 - 0.954434
622, 692, 693, -1 - 4, 18, -37, -13, -87.401959 - 0.024568
623, 694, 695, -1 - -20, -16, 6, 17, -82.097842 - 0.203503
624, 696, 697, -1 - 10, -21, -25, 2, 44.926298 - 0.120589
625, 0, 0, 1 - 0, 0, 0, 0, 0.000000 - 0.000000
626, 698, 699, -1 - 0, 5, 6, 17, -81.499680 - 0.240876
627, 0, 0, 1 - 0, 0, 0, 0, 0.000000 - 0.000000
628, 700, 701, -1 - 0, 0, 49, -24, -40.684225 - 0.285286
629, 0, 0, 2 - 0, 0, 0, 0, 0.000000 - 0.000000
630, 0, 0, 1 - 0, 0, 0, 0, 0.000000 - 0.000000
631, 702, 703, -1 - 31, 30, -2, 27, 33.530686 - 0.556780
632, 0, 0, 1 - 0, 0, 0, 0, 0.000000 - 0.000000
633, 0, 0, 18 - 0, 0, 0, 0, 0.000000 - 0.000000
634, 704, 705, -1 - 1, -8, 0, 12, 6.967376 - 0.650022
635, 706, 707, -1 - 24, 9, -51, 19, -73.772393 - 0.235193
636, 0, 0, 11 - 0, 0, 0, 0, 0.000000 - 0.000000
637, 0, 0, 10 - 0, 0, 0, 0, 0.000000 - 0.000000
638, 0, 0, 10 - 0, 0, 0, 0, 0.000000 - 0.000000
639, 0, 0, 2 - 0, 0, 0, 0, 0.000000 - 0.000000
640, 708, 709, -1 - -39, 26, -15, 50, -41.196936 - 0.918296
641, 0, 0, 12 - 0, 0, 0, 0, 0.000000 - 0.000000
642, 0, 0, 10 - 0, 0, 0, 0, 0.000000 - 0.000000
643, 0, 0, 2 - 0, 0, 0, 0, 0.000000 - 0.000000
644, 0, 0, 10 - 0, 0, 0, 0, 0.000000 - 0.000000
645, 0, 0, 12 - 0, 0, 0, 0, 0.000000 - 0.000000
646, 0, 0, 2 - 0, 0, 0, 0, 0.000000 - 0.000000
647, 0, 0, 18 - 0, 0, 0, 0, 0.000000 - 0.000000
648, 0, 0, 2 - 0, 0, 0, 0, 0.000000 - 0.000000
649, 0, 0, 10 - 0, 0, 0, 0, 0.000000 - 0.000000
650, 0, 0, 10 - 0, 0, 0, 0, 0.000000 - 0.000000
651, 0, 0, 14 - 0, 0, 0, 0, 0.000000 - 0.000000
652, 0, 0, 2 - 0, 0, 0, 0, 0.000000 - 0.000000
653, 710, 711, -1 - 0, -55, 46, -35, -85.839412 - 0.650022
654, 0, 0, 2 - 0, 0, 0, 0, 0.000000 - 0.000000
655, 0, 0, 18 - 0, 0, 0, 0, 0.000000 - 0.000000
656, 0, 0, 10 - 0, 0, 0, 0, 0.000000 - 0.000000
657, 0, 0, 15 - 0, 0, 0, 0, 0.000000 - 0.000000
658, 712, 713, -1 - 35, -35, 24, 5, -22.727134 - 0.309543
659, 0, 0, 14 - 0, 0, 0, 0, 0.000000 - 0.000000
660, 0, 0, 10 - 0, 0, 0, 0, 0.000000 - 0.000000
661, 0, 0, 18 - 0, 0, 0, 0, 0.000000 - 0.000000
662, 0, 0, 15 - 0, 0, 0, 0, 0.000000 - 0.000000
663, 0, 0, 16 - 0, 0, 0, 0, 0.000000 - 0.000000
664, 0, 0, 18 - 0, 0, 0, 0, 0.000000 - 0.000000
665, 0, 0, 2 - 0, 0, 0, 0, 0.000000 - 0.000000
666, 0, 0, 11 - 0, 0, 0, 0, 0.000000 - 0.000000
667, 714, 715, -1 - 18, -9, -13, 1, -72.283090 - 0.970951
668, 0, 0, 2 - 0, 0, 0, 0, 0.000000 - 0.000000
669, 0, 0, 14 - 0, 0, 0, 0, 0.000000 - 0.000000
670, 0, 0, 11 - 0, 0, 0, 0, 0.000000 - 0.000000
671, 0, 0, 21 - 0, 0, 0, 0, 0.000000 - 0.000000
672, 716, 717, -1 - -58, -5, -9, -5, 14.590899 - 1.000000
673, 0, 0, 15 - 0, 0, 0, 0, 0.000000 - 0.000000
674, 0, 0, 11 - 0, 0, 0, 0, 0.000000 - 0.000000
675, 0, 0, 16 - 0, 0, 0, 0, 0.000000 - 0.000000
676, 0, 0, 7 - 0, 0, 0, 0, 0.000000 - 0.000000
677, 0, 0, 8 - 0, 0, 0, 0, 0.000000 - 0.000000
678, 0, 0, 8 - 0, 0, 0, 0, 0.000000 - 0.000000
679, 0, 0, 9 - 0, 0, 0, 0, 0.000000 - 0.000000
680, 0, 0, 11 - 0, 0, 0, 0, 0.000000 - 0.000000
681, 0, 0, 13 - 0, 0, 0, 0, 0.000000 - 0.000000
682, 0, 0, 6 - 0, 0, 0, 0, 0.000000 - 0.000000
683, 0, 0, 2 - 0, 0, 0, 0, 0.000000 - 0.000000
684, 0, 0, 7 - 0, 0, 0, 0, 0.000000 - 0.000000
685, 0, 0, 6 - 0, 0, 0, 0, 0.000000 - 0.000000
686, 718, 719, -1 - 46, 10, -12, 14, 0.863674 - 0.595998
687, 720, 721, -1 - -23, 21, 13, 26, 76.329844 - 0.112838
688, 722, 723, -1 - 38, 45, 2, -15, -8.987701 - 1.000000
689, 0, 0, 1 - 0, 0, 0, 0, 0.000000 - 0.000000
690, 0, 0, 2 - 0, 0, 0, 0, 0.000000 - 0.000000
691, 0, 0, 1 - 0, 0, 0, 0, 0.000000 - 0.000000
692, 724, 725, -1 - -1, 7, 6, -6, 1.382488 - 0.088145
693, 0, 0, 1 - 0, 0, 0, 0, 0.000000 - 0.000000
694, 726, 727, -1 - 34, -28, 8, -10, 3.207495 - 0.176101
695, 728, 729, -1 - -10, -6, 8, 3, -0.888089 - 0.223019
696, 730, 731, -1 - 49, -27, 0, -3, -76.360363 - 0.062631
697, 0, 0, 1 - 0, 0, 0, 0, 0.000000 - 0.000000
698, 732, 733, -1 - -19, -26, 20, -39, -1.785333 - 0.587662
699, 734, 735, -1 - 12, -56, -6, 25, -50.059511 - 0.271718
700, 0, 0, 2 - 0, 0, 0, 0, 0.000000 - 0.000000
701, 736, 737, -1 - -1, -26, 5, 42, 87.108982 - 0.249882
702, 738, 739, -1 - -10, 27, 15, -13, -35.160375 - 0.591673
703, 0, 0, 2 - 0, 0, 0, 0, 0.000000 - 0.000000
704, 0, 0, 11 - 0, 0, 0, 0, 0.000000 - 0.000000
705, 0, 0, 10 - 0, 0, 0, 0, 0.000000 - 0.000000
706, 0, 0, 11 - 0, 0, 0, 0, 0.000000 - 0.000000
707, 0, 0, 10 - 0, 0, 0, 0, 0.000000 - 0.000000
708, 0, 0, 12 - 0, 0, 0, 0, 0.000000 - 0.000000
709, 0, 0, 11 - 0, 0, 0, 0, 0.000000 - 0.000000
710, 0, 0, 10 - 0, 0, 0, 0, 0.000000 - 0.000000
711, 0, 0, 2 - 0, 0, 0, 0, 0.000000 - 0.000000
712, 0, 0, 2 - 0, 0, 0, 0, 0.000000 - 0.000000
713, 0, 0, 14 - 0, 0, 0, 0, 0.000000 - 0.000000
714, 0, 0, 16 - 0, 0, 0, 0, 0.000000 - 0.000000
715, 0, 0, 18 - 0, 0, 0, 0, 0.000000 - 0.000000
716, 0, 0, 14 - 0, 0, 0, 0, 0.000000 - 0.000000
717, 0, 0, 15 - 0, 0, 0, 0, 0.000000 - 0.000000
718, 740, 741, -1 - 36, 30, -26, 32, 42.197943 - 0.439497
719, 0, 0, 1 - 0, 0, 0, 0, 0.000000 - 0.000000
720, 742, 743, -1 - 47, -10, 27, 6, -8.731346 - 0.069362
721, 0, 0, 2 - 0, 0, 0, 0, 0.000000 - 0.000000
722, 0, 0, 2 - 0, 0, 0, 0, 0.000000 - 0.000000
723, 0, 0, 1 - 0, 0, 0, 0, 0.000000 - 0.000000
724, 0, 0, 1 - 0, 0, 0, 0, 0.000000 - 0.000000
725, 744, 745, -1 - 22, -42, -25, -5, -90.990936 - 0.102388
726, 746, 747, -1 - 0, -30, 12, -46, -33.036287 - 0.459932
727, 748, 749, -1 - 1, 15, -42, -10, -4.519791 - 0.057569
728, 750, 751, -1 - 0, -37, 27, 22, -30.582598 - 0.629733
729, 752, 753, -1 - -2, 14, -35, 10, -99.383526 - 0.359530
730, 0, 0, 1 - 0, 0, 0, 0, 0.000000 - 0.000000
731, 754, 755, -1 - -5, 6, 37, -38, 26.218451 - 0.042566
732, 756, 757, -1 - 12, 11, -14, 10, -13.376263 - 0.228538
733, 758, 759, -1 - 43, 29, 13, -54, 15.756706 - 0.252282
734, 760, 761, -1 - 46, 33, -2, 3, 7.998901 - 0.945660
735, 0, 0, 1 - 0, 0, 0, 0, 0.000000 - 0.000000
736, 0, 0, 1 - 0, 0, 0, 0, 0.000000 - 0.000000
737, 0, 0, 2 - 0, 0, 0, 0, 0.000000 - 0.000000
738, 0, 0, 2 - 0, 0, 0, 0, 0.000000 - 0.000000
739, 0, 0, 1 - 0, 0, 0, 0, 0.000000 - 0.000000
740, 0, 0, 2 - 0, 0, 0, 0, 0.000000 - 0.000000
741, 0, 0, 1 - 0, 0, 0, 0, 0.000000 - 0.000000
742, 0, 0, 2 - 0, 0, 0, 0, 0.000000 - 0.000000
743, 762, 763, -1 - -27, -11, 7, 0, 21.341594 - 0.094084
744, 764, 765, -1 - -9, 2, -4, -29, -36.191900 - 0.243437
745, 766, 767, -1 - -27, 16, -2, -10, 17.642750 - 0.150698
746, 768, 769, -1 - 15, 17, 38, 15, 62.755211 - 0.413817
747, 770, 771, -1 - 3, 12, 4, 8, 73.436689 - 0.442489
748, 772, 773, -1 - -16, -1, 0, -37, -82.311472 - 0.918296
749, 774, 775, -1 - 4, -30, -25, 11, -71.727653 - 0.030416
750, 776, 777, -1 - 0, 11, 15, 26, -36.826685 - 0.373473
751, 778, 779, -1 - 36, 20, 5, 2, -91.619617 - 0.210842
752, 0, 0, 2 - 0, 0, 0, 0, 0.000000 - 0.000000
753, 780, 781, -1 - 0, 0, 8, -40, 61.961730 - 0.591673
754, 0, 0, 2 - 0, 0, 0, 0, 0.000000 - 0.000000
755, 0, 0, 1 - 0, 0, 0, 0, 0.000000 - 0.000000
756, 0, 0, 2 - 0, 0, 0, 0, 0.000000 - 0.000000
757, 0, 0, 1 - 0, 0, 0, 0, 0.000000 - 0.000000
758, 782, 783, -1 - 0, 5, 6, 0, -46.140934 - 0.994030
759, 0, 0, 2 - 0, 0, 0, 0, 0.000000 - 0.000000
760, 0, 0, 1 - 0, 0, 0, 0, 0.000000 - 0.000000
761, 0, 0, 2 - 0, 0, 0, 0, 0.000000 - 0.000000
762, 0, 0, 2 - 0, 0, 0, 0, 0.000000 - 0.000000
763, 0, 0, 1 - 0, 0, 0, 0, 0.000000 - 0.000000
764, 784, 785, -1 - 3, 20, 38, 8, 87.005219 - 0.364093
765, 786, 787, -1 - -10, -52, 20, -44, 69.335002 - 0.522559
766, 0, 0, 2 - 0, 0, 0, 0, 0.000000 - 0.000000
767, 788, 789, -1 - 6, -46, 6, 24, 2.523881 - 0.077022
768, 0, 0, 2 - 0, 0, 0, 0, 0.000000 - 0.000000
769, 0, 0, 1 - 0, 0, 0, 0, 0.000000 - 0.000000
770, 0, 0, 2 - 0, 0, 0, 0, 0.000000 - 0.000000
771, 790, 791, -1 - 34, 17, 20, -21, -58.403272 - 0.863121
772, 0, 0, 1 - 0, 0, 0, 0, 0.000000 - 0.000000
773, 0, 0, 2 - 0, 0, 0, 0, 0.000000 - 0.000000
774, 0, 0, 1 - 0, 0, 0, 0, 0.000000 - 0.000000
775, 792, 793, -1 - -16, -1, 0, -37, -82.311472 - 0.543564
776, 0, 0, 2 - 0, 0, 0, 0, 0.000000 - 0.000000
777, 794, 795, -1 - 15, -49, -4, 0, 80.205695 - 0.863121
778, 0, 0, 2 - 0, 0, 0, 0, 0.000000 - 0.000000
779, 0, 0, 1 - 0, 0, 0, 0, 0.000000 - 0.000000
780, 0, 0, 1 - 0, 0, 0, 0, 0.000000 - 0.000000
781, 0, 0, 2 - 0, 0, 0, 0, 0.000000 - 0.000000
782, 0, 0, 1 - 0, 0, 0, 0, 0.000000 - 0.000000
783, 0, 0, 2 - 0, 0, 0, 0, 0.000000 - 0.000000
784, 796, 797, -1 - -40, -12, 2, -29, 66.100040 - 0.918296
785, 798, 799, -1 - -15, 5, 21, 36, -65.654469 - 0.112838
786, 0, 0, 1 - 0, 0, 0, 0, 0.000000 - 0.000000
787, 0, 0, 2 - 0, 0, 0, 0, 0.000000 - 0.000000
788, 800, 801, -1 - -31, -16, -5, -28, 1.174963 - 0.028205
789, 0, 0, 2 - 0, 0, 0, 0, 0.000000 - 0.000000
790, 0, 0, 1 - 0, 0, 0, 0, 0.000000 - 0.000000
791, 0, 0, 2 - 0, 0, 0, 0, 0.000000 - 0.000000
792, 0, 0, 1 - 0, 0, 0, 0, 0.000000 - 0.000000
793, 0, 0, 2 - 0, 0, 0, 0, 0.000000 - 0.000000
794, 0, 0, 2 - 0, 0, 0, 0, 0.000000 - 0.000000
795, 0, 0, 1 - 0, 0, 0, 0, 0.000000 - 0.000000
796, 0, 0, 1 - 0, 0, 0, 0, 0.000000 - 0.000000
797, 0, 0, 2 - 0, 0, 0, 0, 0.000000 - 0.000000
798, 0, 0, 1 - 0, 0, 0, 0, 0.000000 - 0.000000
799, 802, 803, -1 - -3, 18, -26, -33, -87.755974 - 1.000000
800, 0, 0, 1 - 0, 0, 0, 0, 0.000000 - 0.000000
801, 804, 805, -1 - 8, 15, 0, 19, -27.811518 - 0.174689
802, 0, 0, 1 - 0, 0, 0, 0, 0.000000 - 0.000000
803, 0, 0, 2 - 0, 0, 0, 0, 0.000000 - 0.000000
804, 0, 0, 1 - 0, 0, 0, 0, 0.000000 - 0.000000
805, 806, 807, -1 - 30, -33, -5, -27, 6.472976 - 0.970951
806, 0, 0, 2 - 0, 0, 0, 0, 0.000000 - 0.000000
807, 0, 0, 1 - 0, 0, 0, 0, 0.000000 - 0.000000
