4000
2	-1	-36	6
6	17	-18	14
-7	2	24	1
37	10	-5	-51
-16	-2	-23	-38
-3	-5	5	-51
-31	29	-28	-8
18	0	15	-36
-18	5	3	-35
4	30	16	0
-29	-28	-41	-18
40	-8	16	-8
-13	-4	-30	-20
0	-12	-28	-11
14	35	-7	26
-15	-1	24	45
-43	38	-45	18
-34	28	-13	14
-24	-23	0	-25
-42	36	-12	12
17	-14	-16	-53
-29	25	-10	24
0	0	-10	9
5	7	-11	-30
24	-6	-25	-4
-33	-12	33	-10
0	-8	-8	-17
2	-4	9	42
13	9	-35	20
28	-1	37	22
21	-51	1	-3
-38	11	-7	-7
27	0	6	-8
-21	-27	-8	3
3	-12	6	59
18	-43	19	-34
3	57	27	-8
40	-5	6	34
-9	52	-29	41
10	-15	29	7
-7	-4	7	-19
37	43	34	23
29	-12	15	-10
46	-17	-12	32
2	-5	-12	21
25	38	-6	-3
-10	42	0	1
-26	25	-30	9
-23	25	-17	32
-34	-48	-2	-17
13	-44	-3	2
-23	37	-2	53
33	-4	-23	36
42	31	3	-5
7	1	6	-57
22	0	-4	57
8	0	-31	-11
0	-18	-11	15
49	11	-24	-8
41	33	-37	46
42	0	-10	5
-13	54	-8	39
35	-37	-18	-10
-58	5	-18	55
-15	11	58	0
-25	53	3	-3
-53	18	7	-2
-9	4	39	13
-2	1	4	-18
-6	1	-12	22
7	-24	-13	-20
6	-3	-17	-41
48	14	-6	1
-11	16	11	51
46	31	6	9
13	-21	13	-2
8	-42	14	5
0	0	35	-13
-45	14	-10	0
-26	17	0	0
-1	-5	-7	11
36	-43	-36	-31
-7	16	28	-32
33	-41	8	55
43	32	-16	-6
21	-23	-17	-24
32	36	17	53
4	1	18	54
40	-12	29	-4
-37	-31	0	0
47	-26	8	-53
37	37	7	5
-15	-52	-53	-17
13	34	46	-10
27	-15	27	-32
28	8	56	-18
18	-39	-43	-5
-36	27	-32	34
0	1	-20	30
-15	32	3	19
-25	12	17	7
-2	3	-11	-20
-18	15	-5	8
-27	-11	-33	-19
31	-15	19	-14
33	9	-13	35
15	9	9	-19
7	9	-5	2
-30	-34	12	-7
25	28	8	-16
-7	-15	-1	40
16	-33	-30	-26
-6	4	15	-36
-47	32	-7	1
41	-28	2	18
-23	33	13	-7
2	18	-3	-10
-53	10	14	-44
-28	9	12	3
19	12	27	-45
31	-19	0	-15
-20	20	-3	4
-4	-3	-12	12
-20	-56	36	24
-3	-4	5	-14
2	28	1	8
30	-29	20	-18
-5	-7	-9	17
-24	-34	40	-1
25	-28	-4	-24
-37	-42	27	-38
59	-4	-15	-34
13	-23	-9	8
-32	31	53	-3
-20	-56	5	-41
6	-13	-9	3
-16	22	-51	-27
24	-41	-8	-9
43	-4	56	8
23	9	-4	-10
-2	9	-20	21
3	-4	-17	39
31	41	-52	13
49	-14	23	-36
-3	21	-30	47
-1	19	-37	19
2	5	32	9
9	-54	-36	32
22	8	-11	0
-22	-40	-13	-22
12	1	-42	2
-5	2	-26	14
4	16	45	-37
13	19	-4	-18
0	11	2	-3
4	1	-2	4
-20	-41	0	1
31	-46	0	-1
-15	-14	8	21
-37	-44	-6	5
-30	6	-6	-6
-6	-2	-27	23
4	-29	18	29
1	-21	-32	28
1	13	23	-8
-37	14	1	-36
16	-57	-26	-45
24	7	1	26
37	-23	-2	-11
-29	-11	-9	-12
40	-39	-50	12
6	-3	-19	-30
-6	9	-17	-16
-53	-17	18	-23
14	-7	13	-43
11	10	-2	-20
3	-1	20	20
0	33	9	-4
16	49	20	4
-38	6	-41	-17
12	23	27	30
-10	35	-2	-7
36	-20	0	17
-9	10	48	-31
-51	29	-2	-1
0	-2	21	-2
48	-32	5	-2
-9	1	4	-20
-8	7	30	23
15	-27	3	5
3	12	-22	1
-25	51	28	20
13	-21	-26	-23
-14	40	31	-50
-6	-24	51	-3
41	-10	-9	45
1	4	17	-4
-11	16	-9	5
1	-9	-5	-34
-1	0	31	-19
19	36	-28	-3
14	3	6	-24
23	-37	0	0
18	2	-12	26
-3	4	13	-14
37	10	14	-9
14	9	7	-1
-27	-42	3	37
26	-14	-28	29
2	10	-8	3
49	21	25	-24
4	-52	-9	5
24	31	1	-3
24	54	-17	22
5	43	50	10
-4	47	0	23
42	41	50	13
51	25	-34	-34
-5	-12	-4	17
-7	11	-30	25
-22	31	-27	-9
44	10	6	-59
0	-4	-19	3
8	2	-36	28
-25	33	11	20
53	-24	-13	-1
-29	-4	30	6
2	-1	-25	47
-6	13	-11	-10
14	-8	-12	5
-5	-14	-26	-35
-1	-3	-41	26
-7	-32	4	10
23	18	-20	-4
50	-16	9	-11
23	39	37	-19
-2	-40	-17	-50
28	-24	-16	42
30	-46	-11	52
39	-11	-14	10
33	-46	-2	8
36	-4	13	-10
-20	-7	1	-42
12	18	6	4
5	1	-17	-3
-45	17	-43	34
27	-19	-48	11
26	-28	18	10
-24	-32	-20	-26
17	-4	8	6
13	17	20	-53
-1	8	20	7
-3	40	4	-6
23	21	5	51
-31	-18	-53	3
-1	22	40	-39
-8	27	27	0
25	-4	-15	2
1	1	28	30
59	-3	0	24
-1	-2	7	9
-3	-33	-4	-12
27	26	36	-23
-39	-24	-18	35
-1	6	4	28
-7	11	-17	0
-29	-21	24	45
-1	-48	-14	20
10	-5	-30	-48
23	28	42	-28
-5	36	30	12
-17	32	-1	14
-33	-34	55	-6
47	-6	0	1
18	4	-24	36
-25	17	-29	9
3	17	-13	40
-27	50	17	5
38	-1	14	-33
-12	-21	0	0
-23	31	23	10
-9	6	-49	3
35	-33	-19	35
5	-5	-52	-25
18	15	5	-32
18	20	-32	33
6	5	-28	-16
-46	18	-25	-53
-16	37	-16	-57
0	0	-8	18
-5	-17	44	-27
29	12	-14	-54
9	-1	25	-15
-14	33	0	0
11	-5	-23	-27
11	57	25	-12
46	-6	-9	-10
-12	-9	-1	-2
0	-37	-10	-5
-1	-49	2	0
12	-49	1	0
16	23	-38	0
-12	1	-30	-37
-40	1	-1	0
13	0	7	22
-9	-15	-47	-28
-41	22	-23	1
14	-6	46	-26
26	-2	41	3
-4	26	-1	12
-19	6	28	36
7	-33	-5	-18
-43	-13	-18	-3
5	25	-2	0
-6	-11	-39	-32
-31	-48	-10	12
-21	-1	3	41
-29	33	-22	6
-9	-13	9	-8
-16	22	-31	-7
48	-16	34	22
44	-15	-22	-32
59	-3	-6	3
12	-22	-38	34
22	19	1	-1
54	-18	9	-27
-9	-15	24	-34
-34	-39	10	-7
-35	-19	-1	15
-4	42	19	24
16	3	-28	4
50	-10	41	9
0	47	-6	-2
-56	4	41	-5
-1	0	-43	-35
20	51	9	8
31	-41	-1	20
21	33	-31	36
35	-23	10	35
-16	5	-23	-7
-33	-9	40	-25
-3	1	-9	-29
-29	-37	-14	1
-21	51	-50	31
-21	-7	-33	-20
-15	-38	-25	21
0	-2	-50	-18
-28	34	40	20
10	-41	-20	-12
22	24	-43	19
43	-19	5	2
21	-32	21	-37
-1	0	4	0
-14	4	22	12
31	-47	6	-53
-10	39	-14	-3
21	-55	-21	0
-5	2	-3	1
10	1	1	6
7	9	3	10
-31	1	-22	-33
-13	-6	44	18
0	0	-11	14
-41	37	-39	-45
-8	-46	-9	-26
-36	-44	3	2
6	6	42	28
-29	10	16	-33
-16	-52	3	-39
-40	7	46	37
-14	43	31	-36
-22	-23	0	2
3	-1	48	19
-4	-2	21	50
5	26	42	-27
0	33	9	14
56	14	-27	27
-21	-10	45	36
4	54	7	26
-50	-3	34	26
-17	-15	27	36
-20	20	16	-53
1	-2	-8	-4
-8	27	4	-3
24	-7	-5	-24
10	-5	0	0
3	33	39	0
-23	7	3	10
-31	-22	50	-1
49	33	-9	-30
10	20	-9	55
-6	-57	54	14
56	-18	-36	-16
-14	-13	14	-8
-39	-28	44	-29
-2	28	-1	0
-22	17	33	3
-8	6	-24	37
-3	47	-3	-24
13	13	-40	30
10	-3	-10	-5
5	5	9	14
-30	42	-32	-6
7	0	39	-18
22	-17	3	-29
20	-29	2	16
19	19	-12	-32
-1	1	38	-7
-7	-51	-3	-8
-49	-9	1	-11
5	0	17	12
-14	-2	-23	-24
11	-23	10	32
-13	-5	4	-31
-17	-21	12	48
-5	12	-15	-30
11	44	13	-29
33	20	23	-38
-1	-42	1	1
30	10	-27	-27
-40	12	-36	-19
20	-34	10	-49
0	16	38	16
0	19	48	26
-33	0	20	19
16	43	13	8
34	9	-1	32
-13	-7	13	5
6	7	-19	9
-37	-1	14	-2
-5	-12	-18	-10
-38	7	-10	-12
-3	-1	-51	27
-9	-58	58	4
54	-21	2	5
6	-36	-38	-15
35	2	-8	-8
2	0	8	-38
-57	3	3	2
-1	0	0	-15
-18	15	-37	10
-8	40	-30	48
-8	15	-35	11
0	1	4	15
3	0	16	7
-5	-2	-32	23
-30	17	38	10
3	-22	-45	-19
1	2	33	2
-51	-8	11	-30
48	0	40	-9
-24	-14	1	2
17	-11	3	-10
2	39	-42	12
31	-16	18	41
49	-5	33	14
33	-12	-6	0
38	8	-19	54
10	23	31	2
34	8	-39	34
-38	-24	18	18
-2	-30	-39	21
6	-21	-15	-13
-1	12	-20	8
27	-44	3	51
58	-9	-16	-8
12	3	-24	-7
-27	41	-47	27
38	-1	-8	-39
20	4	-54	16
-11	-20	-12	-11
8	4	-28	-44
-32	-46	34	-8
2	3	12	38
-58	-8	-47	-3
41	6	-2	22
-23	50	-43	-14
41	35	12	2
0	0	-16	19
31	33	-1	-19
8	1	39	-40
4	-3	9	-7
-20	-2	-16	6
-20	38	-30	-19
39	-9	-6	-37
-11	17	14	1
-5	-7	-5	-6
-13	4	-9	-10
-20	-2	-26	52
12	-15	42	36
28	31	-53	-10
8	33	-57	16
46	8	39	-12
-16	-15	17	0
2	-12	-14	-55
0	3	16	32
45	-30	-3	-7
-46	9	-39	38
46	-29	11	0
-9	-15	23	-1
-52	7	-46	-5
0	-8	-49	-11
0	-12	-5	-10
-36	5	3	-1
16	-35	20	44
3	-17	30	-8
29	39	13	9
-10	-3	-43	-33
0	0	5	-11
49	23	-21	31
5	2	-41	-31
-32	-31	-48	-27
-15	28	17	9
-6	9	11	-26
16	33	-22	35
-34	-31	-8	57
-46	-18	13	55
-6	-5	0	0
-3	-15	30	-8
18	29	-3	-34
41	4	-14	9
-13	21	31	4
33	25	-8	-5
-22	49	-36	46
0	-14	-40	-30
20	37	4	1
38	-41	-1	-9
-3	-53	-16	10
-36	31	-1	49
1	-12	0	-8
52	-20	26	1
0	1	-3	52
-9	11	18	7
-16	1	-1	16
13	9	-13	-19
7	22	-36	19
-28	-23	19	0
-12	28	-6	-7
-15	44	9	-37
-16	30	-28	30
19	18	-2	-19
26	-16	-3	-11
-3	-12	4	25
5	10	-19	-49
-7	-6	17	-11
24	-29	-42	11
-49	-22	-36	16
-3	-55	-44	-8
18	-8	4	41
40	21	16	41
0	0	-32	0
-2	40	47	4
24	-53	-17	54
-43	-4	-19	-1
-9	-34	-8	-36
18	-52	32	-28
-33	3	1	12
3	-19	43	-15
-28	40	29	51
34	-18	21	20
-2	8	0	5
2	-34	-40	-22
-1	0	-19	9
0	37	-28	-9
-20	27	-53	9
-2	43	-13	-24
8	-47	6	9
12	20	-41	-3
21	26	5	48
-20	-16	-2	35
-13	5	-23	-46
-18	22	-35	14
29	40	55	-2
-14	51	19	-34
-5	55	-17	-40
-31	-3	-45	1
-46	-30	47	-31
17	-10	3	19
-36	-5	27	21
-6	-4	-2	18
6	1	28	32
-38	0	10	2
1	-5	-21	-34
-46	4	-56	4
0	28	-17	19
2	-14	0	8
-12	-5	-13	-48
6	-19	-13	3
31	31	-11	-12
4	32	20	19
0	-34	0	-50
-17	8	-17	16
54	8	19	6
-55	-13	-39	-24
-19	51	-48	9
2	-33	44	-2
-17	42	-53	15
1	36	-35	-2
52	14	-20	47
53	17	-2	-2
-4	20	-10	3
-40	-23	13	0
-29	50	0	0
25	-11	-38	12
2	10	-21	32
1	-4	-20	-3
33	-15	6	12
5	-29	9	5
-40	5	5	-59
-3	-15	27	3
14	-10	-18	17
-6	-4	1	6
34	-46	18	14
-53	22	27	-29
7	33	-29	2
-3	-29	-4	1
-21	50	14	11
-18	-22	6	-10
17	36	-6	15
-30	32	-7	1
16	0	13	4
-16	-26	47	-18
-4	-6	9	-25
-40	29	-28	41
-36	16	-14	-24
-3	-54	-25	-14
40	16	-7	26
3	-52	-27	39
-5	31	-44	-34
-23	-9	0	4
-10	-7	7	-26
-2	-10	-29	-21
34	30	-8	2
-9	36	-15	-10
49	27	-35	-44
-33	-7	-3	-1
7	4	-28	14
23	-21	0	-2
11	-39	26	-34
31	-21	29	24
48	-34	-10	26
-23	36	44	-7
17	19	34	-9
30	51	-27	37
-45	9	-16	48
10	-13	4	-2
-18	11	0	0
0	-59	-7	18
-39	15	-7	10
-35	-6	-10	-2
-57	-10	6	-8
21	-43	-45	3
28	-40	9	-55
24	-3	-41	-19
-9	-3	-11	0
26	-22	-7	0
-2	-12	20	-5
1	0	11	14
-20	17	8	-1
-28	15	-9	-14
0	-1	40	-33
12	19	-7	1
-35	44	-5	15
5	-41	2	-4
-12	4	-26	14
25	-29	3	4
-6	4	-5	15
0	0	55	-10
5	-7	27	42
26	-1	-16	22
-5	46	7	-53
-10	-11	45	-11
44	19	6	-45
10	13	-42	-20
-10	-53	-8	-12
10	16	-23	-24
0	0	14	-8
-9	-14	5	-1
-41	32	-50	-21
-36	-30	-37	30
-52	20	-3	-8
29	-24	-4	-27
18	-17	0	-19
12	38	11	-23
-3	-1	-15	-35
20	-53	8	-27
14	24	3	9
-22	29	0	56
6	0	4	14
25	-9	-14	43
-36	16	-56	-3
-13	9	0	-58
11	3	-42	20
-31	-35	-27	49
41	31	-13	-15
4	3	7	5
11	9	12	14
-51	20	40	-8
-19	2	-13	15
4	22	-7	11
1	-19	39	-27
-32	33	24	0
11	26	-6	1
34	17	10	-42
0	0	23	10
-7	-32	32	6
-5	-53	8	1
-4	-59	3	-10
-42	-14	0	4
18	44	-14	-26
-24	2	-2	-6
3	32	0	-1
-2	-4	0	-48
17	-21	-45	-12
-8	-6	23	-1
-3	-5	-28	-13
28	-22	21	-10
6	-29	-12	51
-43	35	3	-4
16	53	18	-10
0	0	8	21
58	-11	0	13
-29	4	-26	-25
13	53	1	7
-17	6	0	-1
15	-25	19	-37
-8	-12	13	6
-2	-43	-1	11
-28	-7	-34	-10
-7	-5	6	52
-31	10	-25	17
-13	58	-1	10
-3	0	-3	9
-29	8	-57	10
-13	-4	-6	2
-59	6	52	-17
17	24	-3	-3
-4	-40	-16	-23
-2	-18	-22	15
-4	55	-4	42
45	35	21	17
0	-12	0	0
-37	-30	-20	-18
3	18	-42	-20
-4	-12	5	8
43	20	38	27
-8	43	17	55
0	-3	14	-13
-42	19	7	11
-19	1	-13	20
-5	15	28	6
0	0	-2	18
3	42	11	-27
-3	9	-26	20
-12	12	38	-17
-7	18	-43	6
-38	22	19	-3
-37	13	-2	2
12	35	11	8
0	0	10	-19
39	-28	19	8
-1	-10	46	-35
15	6	-25	19
-8	-46	32	-45
-1	54	-40	-23
-45	-38	-31	38
47	-23	-17	4
-8	-54	2	0
54	-14	-23	17
0	0	32	-27
-1	41	0	5
35	-33	-30	11
33	-42	33	-15
25	-37	-23	22
23	45	-14	-25
-1	38	18	-21
50	8	-54	-9
-38	38	-9	-23
10	-6	47	9
37	-2	-56	-3
-1	0	17	1
41	-41	-2	56
28	-15	-47	-18
-20	12	19	-46
-19	27	-26	-39
14	-57	9	8
54	-24	39	17
-5	-38	1	0
17	-30	-2	40
9	-16	45	19
-10	53	49	-16
55	5	-11	8
13	-9	29	-42
-9	-13	-31	49
15	20	-21	-15
31	38	-32	-26
-1	-24	-1	1
-32	-39	52	6
49	-21	1	32
17	-4	-39	37
-42	24	-10	-35
35	25	35	-19
6	22	-38	-28
8	-21	14	9
-27	27	9	2
-37	-16	15	22
-25	37	-11	18
2	-21	9	-1
-16	30	-17	20
-16	48	46	7
47	-6	11	8
4	15	-40	29
34	29	-6	29
-55	8	21	12
-41	-20	19	26
40	-2	0	5
2	18	-21	29
-34	-15	-12	-36
28	12	42	-8
32	30	-14	-1
-33	10	-11	-18
50	-3	-6	-21
-36	3	31	-17
-12	19	19	3
-9	1	-52	6
-5	-46	18	1
-21	-13	17	-29
4	-1	6	58
-19	3	-19	-36
-29	-10	-39	-3
39	-3	-27	37
-26	-49	-22	53
13	44	34	32
-37	16	-34	-6
16	1	-46	21
-2	13	32	49
-24	7	6	38
20	42	-11	18
-9	37	3	59
1	1	-36	-20
32	-34	0	19
34	-32	32	48
-12	-39	-27	-13
53	5	-21	-15
-19	-2	-15	-49
0	0	-38	-4
34	-21	-34	-33
-21	0	-24	21
-1	-41	25	-38
-1	19	15	-16
45	-1	22	13
-10	19	12	-9
16	22	-22	24
-43	30	5	7
-44	2	-3	-6
-15	-32	-29	11
-47	-20	-47	20
33	-7	0	1
21	24	-24	-1
-16	28	16	15
7	44	13	-54
1	-1	50	14
18	-14	-2	0
-17	15	27	-30
-19	-56	-1	1
50	0	-5	5
-6	-23	-3	-5
3	-16	0	-46
28	-13	43	-26
-24	28	-7	-7
9	-46	12	-17
-18	-34	57	-9
-25	28	39	6
-12	-8	-29	21
-23	-5	-29	-4
-53	-15	-42	16
9	15	39	-1
40	-42	28	-26
2	-20	-39	44
7	-41	-13	-56
33	-26	27	-15
51	-20	1	-1
15	10	0	0
-18	12	17	9
-4	15	4	57
-29	-2	-4	-7
24	11	-12	26
-13	-25	-9	23
-36	-2	12	-26
-11	0	31	21
7	40	-11	-10
4	24	21	-3
20	-5	0	-19
-1	1	-1	-5
-31	25	-3	-47
-18	21	13	3
1	-5	-1	-9
9	28	-18	2
12	-56	-23	-27
-20	25	34	-15
-34	31	-1	0
7	-50	-15	-28
-22	50	12	24
14	27	23	5
-12	49	-38	16
10	-4	0	-6
32	-34	-17	41
-8	7	-57	-5
48	-31	10	20
-5	-31	51	25
53	-25	32	-44
53	-8	-2	-1
-1	-18	8	-50
-16	-3	-7	-3
-30	3	12	38
-43	-14	33	-48
-5	19	-39	31
-12	-12	-21	-12
-2	0	6	-29
29	21	17	-1
15	4	0	35
26	-26	-39	4
30	48	36	-18
-22	-38	-21	-6
-12	-25	22	34
-11	1	-29	3
17	-4	1	-14
-18	-45	30	23
52	4	19	13
36	-27	26	-22
7	6	9	0
-12	-7	-49	-11
24	-6	-34	38
12	-11	-28	44
7	1	2	1
4	18	10	-18
-30	17	-2	-44
-38	-5	9	-2
-6	56	1	-1
37	17	0	-5
-2	0	-8	-10
9	41	-16	6
45	-7	1	-28
-35	44	10	0
3	-6	3	3
29	-1	-4	8
-10	51	28	12
35	-31	47	8
-24	32	44	14
38	-19	-10	9
-2	-10	-19	-1
44	26	13	-4
26	-38	-11	-22
9	-24	28	2
-35	41	33	33
-2	-11	-42	15
13	-18	16	8
-17	-13	-16	-15
-27	-27	14	-23
-25	-3	-51	24
7	18	26	17
-11	-22	-44	-15
-53	6	-19	-24
0	-7	23	43
4	32	-8	-20
-25	38	2	-5
-42	14	0	42
-17	2	-9	54
24	7	-12	-17
-11	24	5	-33
-38	-20	7	19
17	-6	38	18
20	11	30	-26
-9	29	14	-18
44	24	-25	18
1	8	12	37
-11	-50	18	4
-5	-5	38	30
45	-15	7	-7
9	-24	-1	20
30	-9	9	6
29	-29	9	-16
-6	37	-35	13
25	0	12	5
-59	-2	1	40
-45	28	-26	-22
5	-5	30	33
0	0	-30	-7
-16	1	5	2
-45	-8	-6	-34
5	19	-26	-9
0	20	-17	23
21	-14	10	22
-4	10	43	17
-9	-7	16	53
55	19	0	14
-37	-24	-34	48
-6	10	-2	13
13	-46	14	28
-18	-6	-17	-35
12	0	53	-21
37	42	14	-16
0	0	36	40
15	-54	7	23
-2	-4	9	0
8	17	4	-36
-14	-3	-14	-42
-6	21	34	16
10	26	18	10
-15	35	9	2
21	-8	-6	-55
0	3	-24	-52
8	20	-42	2
7	5	8	-23
6	23	9	12
-9	36	-13	52
26	-3	2	9
35	-2	-35	23
8	23	-1	-19
23	-13	-3	46
-36	42	-53	14
-14	-12	-37	38
35	10	0	-1
-2	-7	-28	19
6	51	-21	33
-8	22	33	-5
11	-29	40	-22
-10	-29	-44	-39
0	1	-28	15
20	-42	4	-4
4	1	-12	30
10	55	-39	0
2	11	-19	15
19	-16	5	-52
-38	-14	0	-6
-9	11	10	-1
3	16	-24	-49
15	-18	18	-2
8	-25	0	0
-2	-18	34	11
0	0	46	36
0	-12	-47	14
-13	-31	1	-2
-44	1	-1	5
45	-33	-33	-39
-20	38	12	-5
1	-12	-32	37
22	16	1	-6
-20	8	-17	-9
16	46	3	2
-16	0	30	0
-40	-37	32	30
0	23	23	30
-15	10	-8	-38
6	17	9	-24
10	-35	31	13
-11	38	-38	4
-5	-4	-34	-7
-8	-38	4	-11
-2	-23	13	-23
-5	-15	-7	24
-51	31	8	26
-45	32	18	40
19	43	-5	-26
18	-7	0	1
38	-21	5	-28
-12	4	0	-29
21	2	-1	-2
-18	33	15	-13
-20	-47	-19	55
-30	-37	-16	-49
-34	36	55	-11
-41	-15	-9	-14
-16	35	-23	23
18	0	7	13
-4	5	22	45
14	17	3	-9
-34	36	16	-5
18	30	-7	-1
12	10	14	0
0	-19	1	17
1	0	46	11
-1	-44	-5	54
-10	-56	0	-5
-15	-7	-2	7
-36	30	-14	6
33	22	11	13
2	4	-22	-7
50	-8	4	4
24	-30	42	0
10	0	21	-33
7	-52	11	-6
-8	-1	15	-27
-10	-6	12	-38
-37	17	43	-17
12	-3	28	-51
2	26	-12	-13
43	1	-7	-58
15	-2	-38	-17
51	4	0	-5
8	-49	3	-5
-27	4	23	-6
33	-37	28	14
5	39	30	15
12	-14	-30	12
-5	0	-40	25
9	-15	30	-32
-5	5	0	35
-35	7	28	-1
-32	11	-38	-11
-50	28	46	10
8	-46	3	2
22	6	6	2
-33	-3	-28	52
10	4	31	-46
-41	29	-21	39
-22	12	-35	43
0	25	36	-14
58	10	-10	10
-4	0	-47	0
10	12	-40	38
40	-28	30	-43
-54	-3	40	-26
-34	-22	-14	12
4	-2	31	0
10	-7	-27	37
24	-24	-30	-26
-23	-33	44	-18
0	-27	-28	-35
19	0	3	20
-5	-6	37	-4
42	-1	-16	3
-34	9	-38	14
-44	7	18	-22
42	-37	9	53
1	6	7	-17
15	-7	-22	-6
-7	-1	-3	-15
9	2	3	-28
11	18	-17	-49
-23	24	10	7
44	4	7	-1
-14	-15	-21	51
-9	-1	-5	14
-40	-11	-11	57
-2	51	-33	-23
14	49	28	-2
-44	29	1	-26
-3	10	45	-38
17	-9	-8	55
28	-26	7	-51
-48	9	-12	19
-12	-16	-23	-32
30	-22	5	-4
17	-37	32	46
0	8	-19	-49
50	-25	-22	16
-42	-23	-19	20
-4	-13	23	38
-13	27	43	-1
-50	-22	19	-40
8	-1	43	10
13	8	-4	-57
13	0	1	-35
30	-12	-2	-5
3	-27	-3	16
38	-20	14	-24
-51	-21	-29	0
2	-48	27	-11
3	0	-10	-26
-5	15	-31	-16
-38	11	-19	-53
-17	-46	17	41
11	-18	-19	0
-33	-26	6	10
-7	43	31	-17
-33	-23	17	27
-37	44	-51	4
-20	-14	-32	4
-47	-12	-32	-18
-20	-44	-16	18
35	17	-4	-52
13	14	-18	27
-6	2	12	-50
-14	15	-23	38
-44	5	43	16
-2	-5	-17	23
26	26	0	-12
-33	-16	-26	47
12	-55	-1	-4
-21	15	0	-51
-37	25	-8	-41
36	-21	2	-49
28	3	13	-30
1	-4	-3	-3
21	12	-4	-23
-13	-16	-29	-9
8	-22	-6	0
-25	2	8	-23
0	0	24	-38
42	33	-35	28
10	21	-41	-39
-53	-18	0	-5
17	0	-20	-27
12	30	14	36
15	46	-4	2
-15	-38	45	-36
-6	21	-11	41
-10	7	-33	14
-34	-26	-25	-7
-4	3	-27	-7
-14	-16	-12	-48
-23	49	-31	-21
-19	10	9	7
-26	52	-24	-15
-8	-40	10	0
-10	20	18	-29
-6	4	41	-25
-37	11	3	-9
43	-15	25	-12
15	2	-2	13
9	8	-12	22
-18	-6	4	-14
47	32	-5	-5
-24	-40	-6	10
-14	12	17	0
-26	17	41	37
33	14	-15	-19
-20	34	-44	1
-2	-22	-8	-2
-16	22	-2	58
-7	59	-30	-26
-13	30	34	-39
-36	-5	-37	-14
4	17	-8	9
34	-28	-34	-4
-46	-9	-42	-36
-11	11	23	25
-12	-18	0	11
15	33	27	26
5	3	-2	15
9	-18	-16	27
-15	-14	-33	-28
-24	16	15	-16
-26	-33	8	-25
21	-14	-34	34
-48	-26	0	0
-2	-28	-41	28
-29	51	13	-3
-32	26	0	-3
5	-5	24	28
3	-10	15	39
6	22	11	-9
11	-6	27	43
-7	-29	6	-3
28	7	7	-11
-9	-3	-1	-8
-6	-10	-26	1
12	-13	-14	-27
1	-11	28	41
-18	30	-3	0
-1	0	56	-19
-48	-30	-5	-16
-34	-18	0	-15
-2	0	-35	-35
-21	27	-4	7
-18	-42	-34	0
49	0	0	-21
-4	5	-3	-6
-25	29	16	-56
12	10	18	-26
39	-36	-32	25
-29	-48	-7	-6
34	-17	-41	2
24	50	30	16
0	22	0	22
-16	-26	-13	17
24	6	44	9
38	-21	12	-6
48	-29	4	47
-13	-8	30	12
40	5	-10	13
-26	42	-36	9
-1	3	20	21
13	14	30	-24
4	-18	1	-17
-12	-33	5	2
14	51	-47	35
38	6	-48	-25
-36	5	-46	-13
35	30	16	0
-31	-2	18	-50
4	39	14	0
26	-18	41	23
33	2	32	6
2	-4	38	8
-31	-38	-20	34
-3	7	11	-9
19	-23	8	-9
-29	29	0	-53
17	-4	20	15
6	15	7	-49
43	-40	-26	-14
16	-54	0	7
23	-10	-33	-11
46	-14	-4	-54
-19	-43	1	-32
20	-2	-25	-11
39	-14	-4	10
5	-6	37	36
31	-38	-2	-15
-26	10	-8	0
5	11	3	1
-13	-14	3	15
-10	-6	11	27
10	-3	32	5
17	-1	39	-33
-2	21	2	-7
24	33	22	6
-9	-27	0	8
-38	29	10	51
8	11	8	-8
37	-32	26	-8
-37	-28	45	37
-20	21	-21	31
-31	44	-17	28
-6	14	26	-13
-3	-11	-12	0
-52	-18	-2	-25
11	-34	23	18
-6	48	30	-14
-38	-22	24	43
-34	-2	4	41
-36	-1	16	-54
3	17	3	-30
-2	1	39	16
0	0	-26	31
-11	-36	-49	7
12	18	-56	-13
-2	9	-6	-2
34	24	-14	-7
-22	-5	-14	33
-20	10	-12	28
14	3	-34	9
-39	8	29	23
55	11	4	8
23	2	27	-34
-8	-3	11	56
-1	17	-8	39
7	10	6	-26
-3	-18	4	59
0	-15	-9	4
36	-37	36	18
-31	49	-4	-6
11	-10	4	4
0	0	4	27
-4	19	8	-22
-43	26	34	16
-13	22	41	20
21	47	0	45
13	-16	29	-42
-10	-40	3	-31
-41	-32	-3	4
2	-8	-36	-20
13	-8	-5	-2
15	52	-31	-25
-27	-36	10	28
-37	44	-19	9
-6	-38	19	-23
-12	3	8	-6
1	15	-58	9
-3	19	-20	-46
5	-7	-29	34
52	11	-21	18
-14	-46	27	-35
1	2	-15	-53
32	47	40	12
24	25	11	-51
27	-29	-11	-33
-4	-55	-10	-22
41	-40	2	22
28	8	15	-8
5	-9	36	-24
17	-51	2	48
-32	35	8	4
20	-31	-14	10
0	0	-44	-19
-11	-12	13	13
-21	-50	7	58
45	-12	3	19
-10	-43	0	-6
0	44	-29	6
24	-44	-35	27
4	-21	15	33
-17	28	12	-11
-42	19	0	5
-43	-7	-50	-29
-31	26	2	-10
8	44	-4	0
-27	30	-9	-37
-1	45	8	4
16	-41	45	20
-14	-3	-36	-23
-19	-39	-39	35
19	-29	15	-6
0	14	-31	41
0	-29	-33	-12
22	-45	39	39
2	-6	12	8
5	-55	34	-33
26	-10	-8	4
-12	29	-20	7
23	54	26	52
-40	-1	-9	-46
28	-33	-7	-4
10	-6	-17	-6
-51	24	31	38
47	-32	-31	38
-8	-3	-13	-11
-34	-18	-8	3
-11	-7	-12	6
22	18	12	1
14	6	-54	2
3	29	-1	-11
27	-3	16	0
16	-20	-32	19
9	4	46	1
5	24	-20	10
-50	2	-40	27
-27	31	48	-15
-48	24	-14	26
-3	45	2	43
-12	4	0	11
-21	-34	-4	-23
19	31	32	46
-12	-10	-57	-6
1	-7	-16	45
-15	19	26	-35
2	-1	33	-49
3	-51	-2	-51
0	-9	-19	38
-58	6	14	44
-15	-37	12	16
1	-9	20	9
-34	7	47	7
22	27	24	-26
32	-35	10	-7
1	0	27	23
-5	2	33	-47
-11	26	8	-19
-22	4	42	-22
3	1	-37	-38
29	-4	22	-14
17	-6	-8	-6
-6	-15	29	49
0	0	-36	-30
11	11	-17	-39
26	-29	10	-1
45	-32	14	50
23	31	20	22
37	7	-40	-2
-12	-50	-11	1
-6	3	3	-10
-39	-12	9	44
-8	2	51	9
37	17	-46	-15
12	-10	-6	39
17	22	-50	-6
0	3	-1	-26
19	44	-28	-30
-12	-7	21	34
-33	36	-3	44
-2	-3	16	14
-53	7	0	-1
-2	25	-22	42
-37	15	-12	18
9	-58	-35	-14
7	12	2	-17
11	9	-22	-8
3	13	17	-28
12	-34	-20	-13
-3	43	39	-7
12	-12	-43	-15
-4	19	-11	9
4	48	0	0
5	15	-1	-42
-9	-36	-13	-40
-34	31	5	43
2	-20	0	0
25	-17	-4	2
-11	-29	5	8
27	-20	10	14
-26	-29	0	0
45	-36	-50	22
-10	10	-26	15
-30	20	3	-4
-10	-2	26	32
13	-3	25	38
-14	-6	-49	10
-48	-20	37	-2
45	-26	50	-5
13	-16	-1	-54
58	-8	0	20
3	-35	-53	0
30	30	0	0
-37	10	35	-9
-18	-13	0	0
10	58	6	-14
-29	-21	49	-7
-39	41	-32	-12
35	-40	4	-43
7	46	13	-20
1	30	15	-53
-4	18	6	12
-11	33	45	-19
-8	8	20	-6
-41	-23	-1	37
-43	-39	-50	3
-18	-25	7	-24
-7	24	0	37
4	2	5	53
35	33	0	13
-4	-41	5	10
-26	-32	22	16
-4	7	29	-2
21	-52	44	0
-23	12	-37	0
-21	-24	10	14
-14	-2	22	51
0	-5	40	-19
4	-4	-25	27
35	47	7	-2
-14	3	-9	-39
-3	-15	12	-38
41	-10	26	42
28	-44	-2	-21
38	27	0	3
-41	-19	-7	-9
0	0	-49	-6
19	-53	5	-6
0	-38	22	-8
-18	-7	3	-28
23	-24	45	25
-28	-40	-8	50
2	2	-24	22
-15	-44	29	-3
4	-38	29	-9
38	2	34	-29
27	23	0	4
-23	-14	-4	-5
4	-5	-33	2
-7	19	-21	37
25	-47	-25	-33
-27	-16	21	32
7	24	-45	-26
-28	8	33	24
-37	4	-35	-6
13	16	-37	3
-5	12	35	0
-25	10	7	-9
-51	9	32	32
4	-1	-48	11
1	-42	10	-46
0	-6	-14	-25
-43	-32	-27	-11
-18	-39	-53	-26
-51	-22	-19	50
32	0	-43	-18
9	-2	21	29
7	-20	42	24
-33	48	-20	-32
18	-41	-21	-15
3	10	22	-50
-21	-29	35	23
-15	-30	9	38
-11	-34	13	-54
-9	-7	-15	14
11	12	6	4
-8	1	-3	25
38	1	-48	-19
-25	2	42	31
-22	7	9	-21
7	-15	-8	13
-46	16	20	8
-26	-27	-15	-3
13	-30	3	-8
-30	11	-13	23
-4	24	10	-3
-6	-8	8	-7
-44	0	-15	26
51	-15	-14	42
17	-40	12	46
-3	23	19	-3
18	-55	-49	2
-2	-18	16	37
-6	3	2	-29
-12	2	31	-31
-29	-47	3	-22
-31	28	-8	-22
3	6	43	17
0	45	1	-20
-3	-48	-10	56
0	-16	-27	4
-35	41	0	0
-3	-54	-52	-18
13	12	35	-19
25	-31	-36	6
-4	40	39	3
2	1	27	-23
1	-5	-2	10
-12	6	33	29
39	-39	4	-2
5	8	6	-31
5	31	-25	24
18	0	-34	42
-3	-4	-56	-19
-10	14	3	-53
50	20	-6	-10
-6	-6	21	-24
-6	12	48	11
2	10	15	53
10	52	40	-5
-12	19	11	-46
13	0	15	-37
-19	38	5	3
-17	-9	31	24
12	2	40	-4
-44	30	-12	-20
-21	38	-5	-4
-3	56	23	4
40	-41	7	-27
22	-7	1	-25
17	16	-49	-31
-37	38	-29	-29
-5	-59	0	28
19	25	27	29
-24	-29	-45	11
8	38	4	-50
6	-9	3	53
26	28	10	32
17	-10	0	-44
20	-18	0	43
30	9	-2	23
28	-32	-36	15
2	-58	5	-11
-49	-10	-38	33
-4	-47	-24	-18
-25	15	-7	3
47	-21	-22	28
-35	24	35	39
22	-14	-22	41
1	-5	-46	-7
12	-21	-36	13
-6	-21	13	-15
1	6	-1	22
0	41	-29	0
-54	-15	13	-29
16	53	-37	24
-21	-18	-1	-15
-4	-13	5	-5
21	-17	38	28
-28	28	28	8
-13	-39	-45	38
-21	21	2	4
-6	24	42	-22
-23	43	44	-15
51	28	8	-43
0	58	-7	-49
-11	3	-3	2
13	-5	-25	11
2	6	47	-29
-34	-31	3	-37
-16	23	55	0
24	-21	-19	-38
-8	-1	17	36
-18	32	38	26
-34	15	-21	30
43	-24	-5	-35
-24	8	-1	-1
0	1	-7	39
12	-32	9	-24
0	9	-16	11
-49	-2	-21	-5
-15	1	-8	22
44	-19	-26	23
12	4	12	4
-22	42	-19	-38
-15	20	33	-12
0	1	-15	1
-46	-27	9	1
-38	-5	-6	-24
-20	-7	2	28
-5	-37	-22	41
1	-1	1	-54
3	8	8	-6
5	7	42	-11
21	46	-2	2
43	-14	-15	-43
-44	23	9	1
-16	44	35	23
-32	8	2	4
26	53	52	-14
13	-40	12	35
-18	0	21	35
-6	-45	-11	-9
4	16	-54	15
-4	0	35	29
38	-5	-10	-55
-5	7	-44	19
-19	-34	57	-15
-20	27	-21	11
19	25	8	-1
15	-50	-5	29
38	-18	-14	-17
37	0	1	-31
0	-6	31	-20
30	-13	-22	-42
6	7	15	-29
23	-8	-35	-16
-43	16	33	-41
16	-35	0	-3
-2	-11	15	53
-17	-12	-9	-49
38	16	10	49
-25	-20	7	-6
-42	-3	-5	-3
4	0	-36	36
10	0	-9	7
-14	3	15	-23
41	10	0	-1
-18	-16	-16	-8
-6	11	-7	52
-56	16	26	-17
-48	-10	-30	9
-18	-16	-15	46
25	38	-6	-12
-1	-9	-39	41
-19	-31	-2	-2
10	-7	44	38
32	-47	-3	-15
-25	-2	0	-13
56	-10	27	-49
-8	0	59	3
4	-14	-2	16
50	-13	-21	-49
-2	2	33	-8
43	8	19	-16
18	-4	-31	-40
52	1	5	-11
-23	-47	40	11
1	-14	7	-9
3	34	-4	-41
27	3	8	23
17	47	-47	0
-31	-1	51	-23
5	-27	27	-46
-13	35	-47	14
30	30	-3	-13
8	15	-15	19
-13	32	8	-55
0	0	-2	33
-27	20	15	-25
24	39	16	11
-29	4	-42	3
7	-48	8	27
-20	-2	38	41
13	30	-41	-28
40	-6	-24	-11
55	0	-3	0
-4	-41	16	19
19	-41	-5	-6
5	33	10	-12
30	19	-4	-13
-15	25	31	31
-42	3	-22	26
-12	0	-16	10
-36	13	-26	26
-21	-53	-19	2
18	-11	27	31
23	25	13	25
47	-11	-35	44
-51	17	4	-11
-2	14	-10	-5
50	-27	22	-15
29	-17	13	-1
6	-13	59	8
-46	20	-40	-15
-49	25	-17	1
0	-2	0	3
-25	33	-29	-21
-8	12	-21	-7
0	-23	6	-16
6	-23	10	-12
-22	21	-11	-37
35	-24	0	0
37	33	-22	-30
37	-34	-4	2
-10	17	44	14
-48	14	48	-29
-25	29	0	-7
19	12	-5	-15
3	13	-13	-23
-46	-19	4	-34
11	20	13	29
-37	10	16	1
-9	14	-48	-1
25	34	-25	-43
8	28	49	-15
48	-33	7	9
-10	-10	1	41
-6	12	-13	4
21	55	-12	28
-6	-57	31	17
1	0	-1	-20
8	58	-46	26
47	9	10	41
1	-2	22	33
-4	20	0	-2
-32	-10	-38	-29
15	-48	13	-3
42	19	-3	-40
0	-28	33	16
-19	2	-14	55
-33	14	-19	-18
-23	-12	-27	44
49	30	-2	5
-11	-12	-18	38
11	-10	-13	57
-5	32	13	-38
-15	41	-33	-5
0	-7	-44	8
5	-31	30	-8
45	19	-30	-30
11	57	-20	-16
27	-13	17	49
23	0	-20	-12
6	-35	-15	-5
-30	47	39	-39
-41	-10	-29	-30
22	40	35	27
2	20	-42	19
-11	-22	-50	-6
-52	-24	-13	-13
41	0	20	6
-4	-47	13	21
17	0	-45	-2
4	18	13	0
1	6	0	0
41	-40	6	6
-41	-37	-7	44
6	8	33	4
-17	-11	-31	-17
-17	27	-33	-30
40	-43	-8	-34
-54	9	9	-26
52	2	29	18
-58	6	-23	40
53	15	-6	-36
-20	35	10	-35
4	55	7	42
16	21	0	1
9	35	12	-50
9	4	47	30
-15	28	-4	-19
12	-32	-7	-7
-34	-45	30	12
0	0	48	0
21	20	-15	38
-30	-27	-6	14
40	5	-2	-6
-4	-12	6	-15
-12	9	-30	8
-12	-35	-24	36
-9	36	-18	6
-25	-26	-20	40
-22	6	8	-32
17	-8	-55	4
-50	11	-29	9
23	-47	27	-33
-38	28	28	32
37	13	5	-5
9	-2	0	-12
-4	6	0	52
39	36	4	-4
15	-9	-34	29
0	18	-8	-12
-7	3	-22	23
-18	6	-42	-37
12	-17	15	-7
-39	-11	20	29
6	41	-11	-54
2	44	-24	-13
11	-12	-5	45
9	2	6	-6
-3	34	-14	32
12	39	39	-10
4	9	-17	-29
10	-32	-31	-8
27	-11	0	15
7	10	1	-5
-10	-58	-6	-2
47	9	-47	-15
8	-52	-11	45
39	-9	-47	-16
1	-32	41	13
11	27	-47	-21
-10	-10	39	34
-22	34	20	-16
17	43	43	-21
-39	33	-8	-5
37	34	-28	13
-6	-12	26	29
26	-19	-36	-2
1	-12	10	-16
-49	17	26	22
16	-8	-23	19
-34	30	45	-25
-50	0	3	14
9	18	-27	10
-4	43	25	-53
52	28	-13	40
-5	-1	13	32
7	1	33	-32
-5	7	-9	-7
-28	-40	-8	15
30	-50	-35	0
0	2	-5	-16
-3	18	47	-9
13	13	13	-7
-13	58	-2	21
7	5	-10	-6
23	8	12	14
49	9	5	-6
-51	-19	-39	25
25	-5	0	-3
30	19	-31	-11
-18	-5	18	6
-22	-47	6	-25
2	17	2	55
52	0	25	27
48	30	14	-18
-8	7	44	29
4	12	-9	-33
-41	28	-57	-10
28	27	-8	20
11	16	-24	26
-6	21	27	43
-6	-26	-50	20
-33	2	7	5
-21	-24	-30	14
-36	14	34	-41
-10	-30	32	-9
-18	-23	9	-34
44	-38	17	27
32	41	0	1
26	-16	47	-1
11	-14	14	21
-24	4	19	-17
8	-17	52	-18
-1	9	8	-23
-9	16	8	3
20	21	-16	-20
0	7	-33	-38
4	-4	-8	4
-20	48	39	8
39	20	47	7
-24	0	-2	-23
40	6	14	-11
-20	-50	26	-7
4	17	8	9
13	30	-1	2
5	-39	2	-51
4	-13	-8	-2
20	52	-1	35
1	9	-7	11
-53	12	19	-2
10	-7	30	-2
22	-6	8	-11
15	4	-55	-14
-9	6	-6	10
-37	-45	-13	55
51	0	-28	19
-13	-9	-16	23
-25	-47	-21	-49
-36	23	2	-59
45	17	-11	6
1	-11	-47	-6
-12	0	13	-35
-43	3	-2	-51
-50	10	-19	51
1	8	-10	-18
-2	2	16	-44
-41	34	41	23
12	51	9	-14
-3	-14	-28	21
0	-30	-25	-26
8	36	-21	33
-5	33	0	-39
0	10	38	-29
-44	-31	-45	-39
-29	17	13	40
-53	23	-10	41
-7	39	23	-12
47	-15	-22	-26
47	-16	12	10
6	-6	-32	-4
-9	17	48	-20
-35	-7	-19	34
-28	-31	-25	26
34	2	-27	-26
-27	5	9	-45
22	-43	15	54
-17	-4	21	-17
-18	31	-13	-29
45	8	-51	-8
29	-43	-16	-1
38	-40	30	26
-53	-17	1	8
32	16	-14	-1
10	41	19	3
18	3	8	5
-3	45	31	-40
-51	-23	-1	-5
2	18	19	3
-33	-9	40	-39
0	0	0	-10
-32	-24	0	0
-37	-35	8	26
3	-1	-18	-24
33	-10	49	26
-1	12	12	-1
-24	38	16	-10
19	-33	1	-24
30	51	-2	37
30	38	-11	3
-54	-3	-30	40
-12	33	10	-14
7	35	-2	-4
17	-56	51	13
-10	53	2	52
2	-29	-10	15
-36	12	-19	-3
-21	18	42	12
0	0	-47	20
26	5	41	-27
-30	16	27	-49
-4	4	-56	-1
0	-22	-10	-12
37	32	3	2
5	9	-4	-25
-57	13	-11	-44
19	52	0	-6
-35	31	-20	3
-1	15	-11	-42
13	1	-17	-14
-2	-49	33	33
51	-3	29	42
-25	-21	8	14
2	-5	-11	-34
45	-37	-32	8
-10	-23	-7	51
36	-4	-41	29
57	-9	35	-47
-43	-10	28	-20
20	12	6	0
-3	23	4	26
5	19	0	36
-4	-7	51	12
-16	-4	-1	1
-15	-5	-26	45
-30	3	7	-21
27	1	-16	48
-14	53	0	8
1	0	-44	0
3	0	-46	-14
21	4	7	-12
-1	42	13	-10
33	-9	7	-45
-1	12	10	-8
10	9	-46	22
10	2	11	17
-10	-21	-7	19
-44	-10	28	16
29	16	7	-57
18	56	-6	10
2	4	-2	-40
-14	-1	-3	26
46	1	-2	0
0	49	-39	-34
8	20	4	-9
6	-26	-41	20
5	-15	23	1
-9	-44	23	-20
2	-22	-24	-6
31	45	31	-4
8	-27	-5	-18
17	-35	-46	-28
9	-15	24	-52
1	-3	-17	-47
54	-8	0	41
15	-28	37	-14
-4	-4	3	-8
-16	-52	31	-36
-17	-9	-6	-18
36	-27	25	25
0	0	-25	-22
-10	-4	-55	18
-22	-29	13	-14
-7	-9	21	-15
10	-1	0	-18
54	-7	6	-4
-39	-5	-10	20
-25	-24	-19	1
37	-2	6	-9
-28	-12	31	-16
-41	22	-7	-8
-28	4	-27	15
-20	-12	27	4
8	23	0	21
-44	19	23	-15
21	9	-2	-4
50	-17	16	-7
41	-27	-37	-29
-22	-25	31	-20
-31	39	13	-32
0	-40	-14	-13
47	2	-5	-24
-22	5	-36	30
-24	-27	-28	-34
9	18	15	-43
-44	-15	35	16
21	-9	-49	-12
34	28	42	10
49	-8	-11	36
-3	9	-16	-22
-29	14	25	-12
-40	-5	-3	-18
24	14	-40	-29
-12	10	-26	-8
-29	42	10	14
0	9	-13	-3
-6	-23	0	0
-27	-3	-13	0
-9	-25	47	-22
-24	7	40	-6
6	-32	-11	28
13	-13	-9	-11
-30	-35	3	2
2	0	24	-27
-13	-57	0	0
24	6	-10	-26
-23	38	23	9
30	46	8	-9
-33	-5	15	-42
24	40	16	5
-25	-20	-50	-26
9	-7	-19	-1
-22	-37	-55	-12
-20	8	15	-8
-15	25	-25	26
8	-4	-6	-10
7	0	-31	-26
-14	-50	-17	49
57	17	45	-26
-4	18	-20	0
-57	-7	9	-1
-7	-5	37	-27
-52	13	12	30
43	15	-12	-4
-21	-39	-41	-21
33	3	-1	20
-37	-41	22	31
-10	-25	-51	6
-7	-22	-43	-40
-11	25	-10	-14
4	-12	34	-47
3	9	-22	-31
-2	-24	-34	-39
21	-18	29	-32
44	12	13	0
5	33	35	39
37	5	-4	-19
-26	-23	7	4
-12	5	26	20
27	-50	-15	-13
8	11	-19	35
-9	26	27	45
-18	-44	32	7
-9	-2	3	11
35	19	28	6
2	2	20	-13
3	1	50	-19
-23	41	-4	10
9	37	16	35
-56	9	-34	-19
-17	-24	-21	9
31	43	-34	44
-39	-27	50	-6
2	5	-21	-26
40	22	17	-19
-48	-16	20	11
0	0	18	41
49	8	14	52
1	9	42	-19
-28	31	-35	38
8	-28	8	35
-8	33	-12	10
-45	2	27	47
-10	4	-7	-3
-58	6	-39	-41
-24	-10	-1	-14
-21	-16	6	-41
0	3	-33	-45
0	17	6	0
-14	-39	-9	14
-3	-5	8	44
16	-5	19	28
40	-2	9	9
3	8	-1	43
14	24	-10	-15
10	-18	-2	39
13	1	-14	50
-13	-33	11	29
-35	1	30	12
-31	32	-56	15
-56	-6	40	6
-26	-3	-8	33
49	14	0	-10
-25	18	6	22
-3	-2	-5	-48
34	-37	44	-21
-24	7	38	25
14	-41	-11	-27
1	-8	23	-37
0	-59	5	-17
47	5	-5	-37
2	-31	18	39
27	6	24	-19
0	50	-15	8
-26	-5	-10	-26
44	-38	49	-2
0	5	8	-37
8	55	49	33
32	-24	-25	0
26	22	23	52
6	3	-12	56
32	20	-35	21
1	0	-26	-4
0	-9	33	-13
6	-1	-6	-2
28	-32	25	0
-3	1	-1	23
1	17	44	-27
-26	-25	28	12
11	-6	41	-6
-3	37	7	0
-26	-46	36	39
22	2	-1	-58
-11	-25	-34	-25
-12	56	13	-6
-17	2	-16	-21
27	28	-23	21
38	-43	-36	6
-19	38	-24	-20
50	24	0	4
-48	-14	-12	8
49	-6	4	24
-8	-12	-53	-9
-23	4	15	5
33	-24	7	31
-32	-21	-25	30
-3	-12	28	-30
14	-16	29	-17
16	-46	25	15
8	49	-2	-10
-12	23	-15	18
-30	-46	23	-24
29	-39	-23	-3
29	-27	-17	4
-6	-5	-41	-16
-22	-5	31	-39
-5	-30	-23	0
-8	-34	-47	-19
1	-12	23	28
3	-47	0	5
14	-37	-40	33
-3	-6	-52	13
25	-33	44	-15
27	47	24	-35
22	16	17	-28
12	15	32	20
4	-52	17	5
4	-50	-45	6
-16	17	-25	-9
13	-57	-47	-11
57	-16	4	8
-53	19	-50	18
11	2	35	45
16	0	30	2
50	5	13	22
-34	-27	32	11
-11	25	-1	0
-13	-3	-40	-6
27	51	-2	-38
-17	-42	12	-2
8	-5	5	0
7	-5	23	-3
15	3	-5	-30
-19	46	-5	-12
3	-4	30	-11
-1	-19	51	28
23	20	-14	7
33	-44	33	12
0	-4	-17	29
-9	-14	-49	-15
-1	0	-5	-35
3	25	-23	-12
-9	-22	-35	12
-7	-8	-52	8
2	-27	9	-8
-50	-19	18	26
45	25	6	2
-17	-1	-34	-38
20	-46	-13	-3
15	-20	-19	30
10	-31	13	3
-2	1	12	8
-17	-15	13	-51
16	-32	27	22
23	-5	19	-55
-3	40	15	9
-21	-37	11	-4
39	-11	0	1
24	-28	0	45
13	55	9	-21
-17	32	-3	-13
12	-32	-13	8
-53	15	-5	27
5	0	-45	-27
-44	26	17	-7
-10	22	-38	-33
1	29	-1	-37
-1	-5	-5	26
-21	-28	-4	-22
8	-4	14	9
-36	4	-7	4
23	-27	-19	41
12	-18	47	-25
-39	-31	-13	-12
-12	17	38	10
14	-47	-5	-14
41	5	14	20
-15	-14	16	9
33	-20	-26	-48
-5	-45	-25	17
32	-39	25	35
15	2	-48	-13
-15	-49	-20	-18
-11	-14	43	25
-40	-32	11	-8
31	-42	-16	17
-27	-33	8	12
-26	17	27	39
-9	9	55	4
15	-6	-11	-17
-6	8	-16	15
-32	37	-7	-1
-43	-35	-28	-39
-9	-25	37	-8
7	37	-28	29
-3	10	0	-31
-2	-18	9	26
11	2	-6	-3
31	19	0	1
37	29	19	32
-24	40	-15	-16
-9	29	16	-42
10	-1	-31	45
-2	26	-20	-4
4	23	36	-32
14	2	28	-7
41	16	-7	53
36	-4	-10	30
3	31	-27	42
13	-11	-9	27
2	45	19	32
43	-1	15	51
-45	-15	-34	-44
1	20	22	-10
13	-14	10	54
-5	-3	-15	-45
14	-45	-42	-29
-43	5	3	-36
-15	-38	-8	22
-38	44	-24	26
17	-39	37	39
-12	-10	2	-11
-9	11	3	32
10	-22	-37	-21
2	10	-44	18
19	29	-22	-48
-18	6	-49	-6
-43	16	-34	13
11	25	-36	-12
-49	21	24	-35
-41	10	3	-1
-3	1	-37	-15
41	38	21	5
37	21	-1	4
34	-13	-14	-46
35	-45	-34	45
-5	-10	-18	52
17	-54	-10	-8
-18	50	4	40
44	23	-1	-6
11	-13	16	-55
-43	-41	33	-36
47	27	17	13
15	-40	6	16
-42	6	2	8
0	-25	34	-39
11	25	7	-31
19	-53	-22	-40
30	-5	33	-18
1	0	12	1
-16	-41	5	-22
5	-13	0	1
46	-12	44	-38
-23	-20	15	47
4	-14	-16	-2
0	0	41	-1
-16	19	-51	6
-17	-38	-30	-16
15	-41	5	-46
14	38	-14	13
-6	47	-45	-8
30	45	-6	-15
-26	38	-2	33
-56	-17	46	-35
12	-8	-35	-24
-32	-17	8	16
-46	2	13	28
-35	48	28	11
5	-57	-4	-17
9	0	-27	29
10	14	-49	10
-5	2	-43	14
11	-8	-49	-6
8	-23	-9	-52
28	26	-24	-35
-12	38	-35	41
-23	52	12	6
15	-25	-55	12
-1	-32	20	19
-29	-30	7	-3
-18	-32	-59	4
0	-26	-38	-26
43	-18	-8	5
7	-25	9	19
31	-40	44	11
-27	-30	-4	-17
-17	15	-18	-23
-7	9	2	-9
33	-32	-28	3
-6	-28	-25	-19
-1	-1	15	37
-1	-28	-23	9
1	59	40	8
20	7	-44	10
-29	-2	18	-23
-50	-5	18	0
26	10	-28	4
-20	-30	-9	-42
-43	-10	31	23
31	-21	26	-18
-10	0	-31	-25
-12	49	15	-9
-40	25	-1	0
-25	23	-26	-4
20	-34	-19	52
32	4	0	0
41	9	-7	30
17	2	-12	10
-37	-18	-12	10
28	-29	-4	-45
10	-58	-7	9
-10	-6	-5	-18
27	50	-3	-17
0	53	-20	26
-20	33	6	-30
-30	37	13	-17
18	-33	-26	10
28	50	-26	-35
-20	-46	51	9
-51	9	0	-8
5	-9	8	-2
-8	-57	-14	16
-15	-30	-19	-13
1	-5	-50	5
-13	-22	35	24
51	-30	-2	-15
44	28	0	0
-51	-3	39	-15
20	-23	0	-8
31	10	-32	4
4	-10	11	23
-26	-47	-3	2
-10	-21	20	43
25	22	-9	-25
-43	-7	22	-30
-29	20	-36	36
-1	-15	-11	38
-1	-15	-5	-17
-12	-56	-19	19
-7	4	2	3
-51	-12	-9	4
4	0	33	33
-52	-19	10	25
-31	0	-11	12
-4	23	17	24
8	36	7	-55
27	-2	16	-15
4	16	-2	4
-28	20	-5	3
9	9	1	39
-31	30	-16	6
25	-15	50	-16
49	0	-27	-1
-6	-12	35	0
52	-18	11	19
48	-10	41	4
-11	-35	-38	10
10	-53	-6	0
-1	0	27	35
2	-37	-15	-35
-29	-9	11	-6
37	34	-2	1
-28	33	55	-11
-14	40	-13	25
23	0	22	20
-42	37	4	22
45	-27	3	0
-28	-42	-20	-8
25	41	6	48
-10	31	22	-47
6	-2	-13	-30
-39	3	14	-9
37	-21	-2	-25
-44	-18	32	-41
15	30	16	-28
33	-13	-2	21
9	36	31	-30
-26	4	11	13
46	10	11	-20
-9	17	-7	46
47	-8	-7	0
30	-21	-8	-13
26	-32	-7	14
-26	-20	35	12
6	-41	-15	1
-18	-3	-40	-2
-9	46	27	-41
-7	13	0	6
-26	16	-16	-20
-29	2	52	26
5	-6	2	-29
-11	9	-6	17
42	28	2	29
33	-33	1	-13
-47	30	-26	38
14	6	-38	-8
-48	9	20	-47
-26	-17	-16	-16
5	3	38	44
-13	4	12	48
45	38	3	3
5	58	-11	22
0	-1	-7	5
44	-23	2	-58
47	-15	4	24
6	-4	0	10
13	-21	-14	-43
-2	0	35	11
-38	1	-1	-46
23	39	-25	-3
6	13	-22	43
40	-3	37	14
-14	30	-15	51
32	-19	5	26
-11	-52	0	34
17	-51	-41	-3
1	-9	30	28
26	-36	15	9
25	34	7	-5
38	0	17	-5
31	21	0	9
11	7	20	19
9	-9	-25	50
0	-17	-56	2
0	3	-8	33
-4	0	20	-33
29	30	3	10
3	-3	-32	-47
-27	14	20	11
-14	14	5	55
53	-2	29	-29
25	-13	-9	-15
48	10	38	33
-11	-3	2	1
14	-41	16	53
22	23	-7	20
-1	0	39	8
42	41	-9	31
5	1	0	43
9	-1	-16	23
-6	-9	20	-38
-36	-30	-10	-7
-31	24	-12	16
53	14	43	-14
-2	3	-38	2
31	-41	-6	3
54	-15	37	4
-49	0	-20	30
44	11	-11	10
-27	-52	2	-33
-32	14	-5	0
40	-29	-46	38
10	-24	0	-24
0	-19	-38	-24
7	49	-16	-32
-49	-6	-20	-40
-15	27	-13	-20
-1	1	-16	-5
-17	50	12	-17
-1	-4	-12	33
8	6	0	0
9	33	5	-4
-32	-1	22	8
40	-11	28	-27
26	-42	28	14
-40	-21	24	-5
-43	4	56	-9
-32	33	20	-34
24	23	-15	46
14	-21	35	-35
16	1	-6	-18
38	-32	-36	-16
-8	-1	-8	-4
-7	-36	-29	20
1	-23	-46	-25
-20	-48	25	35
44	27	-49	-5
13	-1	4	-1
8	24	16	32
-46	-19	-14	-27
-52	2	0	-1
32	5	-14	0
-22	4	-4	5
33	-46	39	22
31	-24	-7	23
33	-14	50	-3
11	19	15	44
-6	26	-34	32
39	22	7	39
-24	9	51	-12
25	20	10	50
-46	-24	5	13
40	-35	-9	23
-24	6	6	25
-33	-13	2	31
3	5	2	10
-13	23	-7	-9
-17	36	28	-44
29	-23	2	2
-11	-39	28	-28
-6	9	-19	45
-15	-9	53	20
-12	27	25	9
-55	-11	22	-19
14	0	-2	0
-24	-18	13	-20
-9	51	-3	4
16	-23	1	0
-6	26	27	-9
-15	41	-21	-53
-15	-34	-3	-13
4	39	0	6
0	-1	-28	-32
-12	18	-14	-3
20	8	37	0
11	33	4	14
3	14	7	20
-9	-13	29	-41
24	3	-6	-15
44	-17	16	13
4	11	-15	18
2	-3	-33	12
-10	-46	2	20
51	6	-2	2
-50	-28	0	-48
22	32	3	-28
23	-12	-1	5
-2	-28	1	19
-42	8	-19	-19
-4	46	-34	33
-23	10	-9	6
-56	11	10	39
-33	-36	-29	2
42	-32	-29	33
1	35	-20	-44
20	56	-26	19
12	48	23	-48
10	18	17	-31
-1	7	2	-15
7	0	-1	-43
-20	-27	-10	27
-39	-16	12	-4
26	11	1	-3
2	30	34	-6
28	-51	1	-5
8	-45	-28	-9
-19	-15	17	19
-1	-3	0	-28
27	-35	-29	41
-21	-1	10	-28
12	-22	20	-44
36	-17	8	0
-40	-41	18	12
6	-12	26	21
-43	-31	-42	6
-24	20	8	1
-16	3	43	5
11	0	-18	11
22	-51	-5	45
-28	-7	15	13
-2	4	21	15
4	3	-7	3
-19	16	-2	-38
0	-30	-52	-28
-12	10	2	1
-38	20	3	-15
-13	-37	-11	-54
15	-6	-5	-45
-23	1	15	34
-57	-3	-28	-12
37	-23	-12	-2
19	-17	-36	-20
-1	6	53	18
55	10	18	-48
14	-31	32	4
12	17	28	-19
-29	-31	6	-37
7	-35	39	-38
28	-41	3	-56
11	-23	2	-12
26	2	1	-9
-9	-13	-44	-6
13	45	-9	-57
-1	15	17	32
0	-20	29	-21
-10	-27	-27	15
-40	13	25	-13
13	39	-3	47
21	-9	0	25
-55	18	25	-12
10	13	0	0
-35	23	49	-15
-6	1	2	-3
-8	11	-4	44
-29	28	-49	24
-29	-49	-27	8
-17	7	-24	31
-3	14	-52	-11
-12	14	12	-23
38	-38	13	-13
-17	-40	16	10
20	-44	-48	-26
37	-15	34	-21
8	-6	-44	0
0	-1	-47	30
-31	-50	-8	-25
23	41	48	-20
-37	21	0	2
10	-19	26	31
17	-20	24	34
-10	3	42	-31
-13	36	24	-21
-27	10	-50	17
15	-35	12	-29
-14	-39	-12	54
21	-13	13	-13
11	-45	-20	-38
24	-32	8	-19
5	2	6	26
23	48	-5	-37
-4	17	-35	0
-22	-12	-1	54
-2	13	-34	17
27	17	2	-20
-39	36	0	0
20	-40	-15	0
5	-6	57	-2
18	40	29	17
-20	24	42	16
21	40	0	43
40	-21	-48	-10
16	15	12	-32
-55	1	-23	22
-21	-25	14	-30
-9	7	17	0
27	-36	44	27
26	-4	10	-49
19	-23	7	9
-48	19	-21	-45
-3	6	9	-44
-33	47	-48	27
27	-15	8	0
29	-11	-31	-35
3	12	-20	21
-46	-26	53	-9
-10	0	15	21
-23	-32	-10	12
-1	43	54	-3
-3	-4	0	31
28	-41	-24	35
32	16	-57	-15
8	7	-3	-41
-9	-24	-13	15
53	-22	-5	-24
-56	-1	-9	53
18	-17	-15	-38
-5	8	-7	-24
-29	-50	-2	-28
-17	-13	-24	23
-15	0	-27	-46
-7	-16	1	5
-27	-38	-28	-28
-46	-2	16	-9
-7	41	-33	-47
-21	7	23	12
-21	-27	-5	7
-39	-6	0	56
19	49	-17	6
11	4	13	-43
-23	-50	-21	18
6	23	25	9
-3	58	-9	-12
-51	29	-8	31
19	54	40	39
-15	-57	-12	1
28	47	16	57
-32	49	15	2
10	11	-2	-49
8	16	42	-15
3	29	12	-3
13	0	16	41
10	0	32	16
-53	-18	-25	27
31	-33	-7	-12
44	25	29	9
-30	-47	-46	6
-58	0	-14	-30
13	50	43	5
42	-22	32	1
31	3	47	22
-7	-34	0	-7
-52	20	-7	28
0	1	33	22
-3	3	-34	12
-27	-42	30	27
1	-8	17	-1
-49	23	26	36
-21	54	20	48
-28	7	-51	22
-8	-3	38	-16
-2	57	-32	-14
-44	6	-12	31
7	34	-15	19
1	-42	37	24
7	37	1	0
-9	0	25	42
-45	-16	-57	-4
-19	-11	-3	-36
8	3	-20	-12
-54	9	42	24
7	57	49	-30
-50	-3	3	41
7	-13	20	-9
7	28	-27	15
-16	13	42	-27
23	-8	-11	-21
10	-24	-7	57
16	43	-42	35
-27	35	-33	-40
-53	6	37	-14
5	45	-34	-35
17	-38	16	10
-8	-1	-9	30
7	-14	-12	-11
0	1	39	33
5	42	-4	-5
-39	-1	27	36
-52	3	-31	19
-11	15	3	-20
-6	33	9	-5
43	-21	-54	-1
7	21	-19	2
-29	-6	21	-27
20	-13	40	7
21	-3	18	-29
33	5	32	47
3	-7	27	-47
-5	45	23	21
-20	19	19	41
-2	9	37	-17
28	-17	-12	2
-11	-1	9	-28
-4	44	-26	33
-20	-5	-25	0
30	2	0	49
25	-41	-24	-36
47	0	-39	1
-37	40	32	-34
8	-9	9	-14
-44	20	29	0
8	16	19	-1
0	0	-40	20
32	40	-47	8
-13	-3	-11	-21
-39	-29	-4	15
-27	21	-15	-16
19	-51	-30	-39
50	21	-7	7
48	21	-28	7
53	20	-6	33
-10	1	19	3
-41	8	20	54
39	-30	7	-29
-26	0	30	4
-53	-16	2	-15
13	30	-14	-53
-3	42	-3	44
31	21	26	-46
10	-3	-11	12
-9	7	-12	-3
10	-18	-1	48
-30	-24	-48	8
22	-25	18	20
24	-32	1	37
38	29	-1	-12
-50	-19	4	-44
25	-52	-46	-15
12	30	-14	-27
-54	-18	35	-5
38	2	-5	0
-45	37	21	-31
-11	-46	7	12
-9	6	-46	7
-1	-40	-32	-1
-8	-1	36	15
-20	45	20	-36
-39	-26	32	-29
10	-27	50	-31
36	-31	-19	-26
-8	3	28	-49
16	-46	43	-8
43	7	23	51
-19	26	-11	-37
-53	7	-28	35
12	-13	12	2
9	-21	-40	18
9	-34	32	30
11	-32	-37	-18
-30	44	-34	-13
1	-33	-47	21
-10	21	42	26
35	-9	-12	-28
26	-19	16	28
-22	26	5	-51
-18	-26	22	35
-18	-18	29	0
-24	33	2	-18
-17	-52	-15	42
-1	9	-18	-39
3	-8	49	19
7	54	-17	-23
-10	2	0	38
23	28	45	11
-3	7	-48	-11
-32	9	-41	20
42	-32	1	-4
10	-23	3	-51
39	-7	3	8
-11	-4	-17	-7
44	-13	0	3
19	-46	-40	-5
0	13	-17	-44
-25	-48	-1	-4
4	47	51	-18
-8	-2	20	-17
11	-34	-48	0
-13	-10	51	-28
-15	11	-38	-18
19	-26	31	-28
-34	-41	-1	-16
5	0	-11	35
6	-38	-11	9
-43	9	-23	-32
42	-1	-7	0
-1	-1	19	-23
16	-28	-29	46
-44	-35	33	45
-37	-45	46	16
-2	12	27	28
-8	-12	9	3
25	-44	1	4
-20	-8	29	12
-7	15	31	36
1	4	14	26
-2	30	54	25
-43	27	23	7
-14	11	-12	17
33	12	53	-8
11	39	0	-42
11	-17	10	-10
-56	20	3	20
-10	-30	-4	-4
36	-12	-50	0
-37	35	-25	46
0	-5	-36	-28
1	1	-58	-11
-8	4	26	-20
-43	5	7	10
50	16	-32	48
38	-30	1	11
16	-4	25	25
-19	27	4	2
0	-3	57	0
-1	-51	-8	29
-19	-2	49	-12
-47	-5	-5	-21
24	-46	1	-6
11	-8	-19	-34
-9	40	4	-4
-30	10	23	7
-14	42	0	29
-4	55	33	45
15	36	0	-3
-38	10	40	-32
37	-40	-16	-15
-5	18	18	-9
-16	-19	24	19
2	11	-34	48
38	44	-8	-2
17	44	-44	20
-18	33	12	33
5	17	-5	-3
-40	38	-19	13
-25	31	-4	0
-6	3	14	1
3	-25	-23	-17
-16	-14	-30	-40
-10	-46	8	-21
23	40	1	5
30	-18	-21	-8
37	7	30	-6
0	22	1	-19
24	-13	3	-55
0	31	-11	47
-15	10	-1	18
8	12	13	-8
11	10	44	-16
-10	56	4	39
-14	-5	3	-20
-20	-13	-9	-2
-28	-8	-4	11
50	22	0	24
-15	-8	-17	54
-14	-25	-15	-4
-23	-4	-43	-34
-17	22	0	-15
-16	-5	-10	12
15	-52	-18	-3
24	5	-4	-25
57	12	-38	-24
-3	-21	-28	0
-7	12	1	0
-12	-46	1	-47
51	-9	4	-12
-36	22	31	27
10	3	-5	45
9	-6	28	-44
11	-15	-11	57
-9	3	-20	-7
-9	-46	0	11
11	3	-20	1
-27	29	-7	-16
-1	1	24	-7
20	-26	-7	31
-11	-34	-6	31
35	24	47	-13
7	58	-10	42
-25	-11	-44	29
-32	26	12	-25
24	-37	29	-35
16	10	-3	-8
-22	37	8	9
-20	28	-31	50
23	23	18	27
-18	-23	13	43
32	49	-11	57
24	-37	52	-26
-1	-7	-24	9
-32	-33	18	-43
-13	-5	-36	18
-16	6	0	-39
14	-17	0	0
-32	21	29	-16
-33	36	7	28
5	-29	32	26
50	-15	-30	47
-18	4	8	-4
7	-43	-28	18
-25	-20	-2	52
-20	42	-39	-10
44	-17	23	-46
33	27	33	5
-17	3	-51	23
37	30	33	0
12	-18	-10	20
-37	-4	3	-2
21	0	-22	54
47	-19	5	10
40	13	-7	-27
-31	1	25	-18
-27	-14	-28	2
-32	-6	59	-4
11	22	-35	-24
-3	-16	-16	5
1	24	-25	36
-5	57	-35	-28
28	-18	18	51
6	26	-15	31
10	-12	-4	0
29	0	9	18
-8	-46	43	-8
-7	-1	11	-9
-22	-28	-13	-8
32	47	39	19
-15	2	5	-20
-13	18	-1	1
13	-1	16	55
-33	-15	20	-45
-41	22	-1	-10
-24	24	-3	-54
20	8	-25	0
29	-34	-16	33
-40	2	-24	32
33	-13	-32	10
5	2	5	-13
21	-5	27	44
-27	-12	-28	-29
42	6	-8	52
-46	25	-11	2
49	-11	21	-41
-19	24	22	48
-2	-30	3	1
-32	20	14	20
15	-16	18	-12
17	-11	39	43
25	-51	21	-27
-30	-32	-8	26
-11	9	-20	-50
-12	28	20	50
-17	25	5	47
3	21	27	-36
24	4	-37	-26
-57	-6	-44	-34
36	26	53	14
16	0	-9	-2
-40	36	0	-47
41	-30	-7	-33
-15	15	4	26
47	-16	0	-2
25	-27	-7	-7
-23	32	-1	-12
2	11	2	-27
15	-31	-15	-20
-9	-13	38	15
-48	11	1	17
-26	40	-35	45
-8	51	-8	-20
-5	-27	-6	46
-20	-35	-46	7
-9	-14	23	24
31	-16	-16	36
-50	20	9	-18
-23	-32	12	-29
-45	36	25	17
-2	5	-21	-2
35	-1	6	-19
5	36	14	18
8	0	-37	12
0	-31	10	0
-29	24	-46	-38
40	5	26	45
-18	2	-10	0
39	-41	52	11
19	13	38	35
27	24	-17	-29
34	2	-52	-29
-11	10	1	39
1	-58	-15	-7
3	50	35	-23
51	-4	-13	18
23	47	12	-39
18	-36	-39	-10
-2	35	22	39
-18	5	-14	42
-26	51	19	21
4	2	-6	-48
-13	28	30	0
40	-4	0	-1
-45	4	-17	46
-26	17	-7	-34
13	-15	-36	-18
34	-2	-17	-18
-46	19	1	-2
-18	-44	-21	-2
8	-26	-42	1
-41	8	-4	-53
-2	-44	40	9
-17	51	39	-33
0	-20	0	24
2	-15	-38	35
20	-40	17	5
-36	-30	8	-3
-18	1	5	7
15	20	51	-4
16	-38	9	-5
-46	37	-11	5
3	17	8	38
4	7	17	3
18	-29	-14	15
-28	-43	-5	-27
-43	-34	-49	-18
31	-45	22	-22
-40	29	6	12
0	45	-11	-2
1	2	-8	25
43	22	17	12
43	-31	6	-18
8	-57	-36	-5
-41	33	16	7
-17	6	41	-21
-37	-32	-14	31
-21	-53	44	-6
-23	6	-55	8
-16	-51	-36	6
-16	-20	32	32
-54	7	29	-37
-40	-41	-8	-18
19	38	24	-37
52	17	37	-20
-23	-27	11	4
25	-9	-13	2
2	-28	-50	-12
-16	8	32	1
-4	6	-7	33
-23	20	34	35
45	27	-6	11
20	51	-46	-22
-41	25	41	16
-13	-9	12	20
-25	-26	-25	-42
39	-20	0	0
0	22	-33	-28
14	-52	1	14
7	-27	7	-5
-14	9	12	34
14	17	39	42
23	49	-44	23
5	0	43	27
8	18	45	-26
8	-42	-44	21
-17	40	-18	0
-22	-11	-11	29
-25	47	-6	-38
1	14	29	-39
45	-31	13	-16
23	-15	17	11
-15	7	38	-44
-1	-43	0	-12
-20	-15	-1	7
32	-39	-21	-51
-8	11	22	-22
-5	-12	54	-11
-27	-17	34	26
19	3	12	-31
29	11	20	18
-14	44	58	2
-10	-31	-9	-19
-11	27	33	48
0	14	6	13
-39	36	-13	-9
9	-19	2	-2
47	21	-50	-28
6	8	25	21
27	20	35	11
-56	9	-16	-9
-5	33	-1	-8
42	-19	0	-6
34	2	-13	23
1	8	-45	35
-11	0	-8	-25
0	-28	24	11
6	-4	14	-29
13	0	32	-10
3	-11	25	47
-43	-10	8	4
-24	43	25	-10
11	12	-8	3
53	-26	0	-52
-21	19	44	-31
-11	18	17	-12
-16	-27	-19	-20
-29	15	-2	10
-6	4	5	-38
-1	21	5	-11
-12	13	26	35
45	-10	9	-5
-10	-6	40	-35
-32	20	8	-19
-7	-9	4	-49
-35	21	11	47
-16	25	50	27
20	0	-33	-21
2	-7	42	-5
-21	-7	9	-15
51	-11	-4	-44
0	0	29	-44
-4	-57	-16	24
-18	53	0	-54
9	-3	-8	26
-30	-38	-19	18
0	35	15	39
-9	26	-6	8
33	-28	2	34
-33	14	-19	-49
10	-53	9	-29
-37	-30	-20	-51
29	0	19	26
-6	10	-12	-57
56	-12	2	-10
13	-43	-48	-2
-4	4	-28	44
-36	-1	-14	-43
-12	0	-38	9
-9	12	14	13
-7	13	-11	-23
-37	-17	-15	38
4	-28	28	19
5	5	-2	-6
10	-9	-13	-3
-23	-8	41	-30
-32	1	-19	-7
53	-4	-13	-6
-20	-7	14	38
29	-16	0	7
-1	-23	13	-4
-17	10	32	9
-39	21	2	-49
-38	-4	-25	1
3	4	-14	15
19	5	41	-26
15	8	-3	46
-1	-25	13	4
8	-22	37	29
12	-16	-2	-18
1	0	-16	49
-4	-45	-21	2
8	-28	19	38
-11	19	-13	-13
16	8	-29	-41
-4	-8	0	-26
-40	-5	2	-57
-1	42	-4	-10
-23	6	-33	-19
3	16	0	31
-14	-6	58	-12
-6	-14	33	-34
1	-7	26	-29
48	-18	43	-14
-48	-13	17	21
39	-41	10	-2
-1	13	25	11
16	41	18	-4
42	-36	40	-17
0	-25	33	-27
9	29	8	-8
-16	-6	-18	-53
14	-22	-45	-37
-5	6	-8	4
0	0	26	-12
6	-51	14	-40
7	7	-49	12
-36	-18	0	8
-21	1	23	-22
-29	-21	-12	0
-3	51	20	33
-33	36	-5	-8
13	23	9	-44
23	-8	1	14
-1	-26	54	13
-28	41	-31	-30
-16	31	24	17
-46	-27	-16	-42
19	-56	13	-28
15	-56	-47	30
48	-5	-20	34
-43	-26	26	50
-47	-36	-57	14
-19	-1	26	26
19	29	-5	17
32	7	41	41
-30	11	-34	-18
16	-22	9	4
5	-19	-11	54
-2	0	-32	47
8	9	43	-36
-39	-9	-4	4
-26	-11	-20	-4
-35	3	24	-40
15	43	-33	33
-28	-41	5	17
25	-1	-28	-43
-45	12	7	-51
37	-26	41	21
-44	21	16	14
20	-3	-12	13
-4	-33	25	-42
-39	-2	-10	-10
22	30	-6	-13
-7	-4	3	27
1	-18	50	-25
12	13	39	22
-12	2	-47	33
-6	36	-2	0
-18	52	-3	4
-51	17	0	0
15	9	8	-59
37	0	-43	24
-22	-24	-2	49
-25	-29	44	2
-55	-17	30	47
3	0	33	7
2	7	29	-22
19	8	-4	8
54	11	-4	5
48	20	37	-41
18	-56	-49	15
0	56	-1	-3
27	-15	-14	-3
-32	-16	15	-10
0	11	-2	-38
-12	-13	58	11
27	2	-37	28
-1	1	-25	4
-4	30	2	50
13	28	-34	-24
7	10	-49	-5
8	32	0	-42
-23	-45	19	-30
1	-45	-5	-4
13	-6	-19	49
17	-39	-50	16
16	8	45	-38
-19	5	-43	-15
0	-4	37	-40
40	-34	7	-2
-11	3	10	1
13	-21	27	-2
-16	-18	-27	41
1	-33	-8	-31
25	-39	10	10
35	18	38	11
-20	15	-8	22
-31	42	-27	22
-13	-40	-18	11
40	-15	50	-21
2	-12	32	-3
-46	3	32	12
-4	-12	31	-3
-10	12	-23	10
-18	-8	11	-38
-2	6	-34	7
11	-28	-11	15
-13	-34	-5	-22
-26	48	-13	43
10	-39	9	-6
2	1	11	54
7	27	15	-22
-9	12	32	-36
17	0	-35	27
-25	4	-13	0
-18	47	0	-1
-11	-25	-12	36
-10	6	-21	-36
4	-3	-24	-10
38	42	-9	-34
30	-4	30	-9
4	-20	57	-5
28	-21	44	-33
20	8	-10	-5
-14	20	-31	9
-8	29	-6	54
-2	50	-10	14
-8	19	-32	-28
14	10	54	-8
10	1	-24	34
3	13	-12	55
21	-3	17	-4
-35	-37	-36	3
-39	10	-44	-39
9	-16	-32	-32
-6	-6	15	-16
-6	-52	4	-41
46	-35	-4	12
-14	10	54	12
18	26	-38	13
45	34	-14	11
32	14	29	2
16	-12	-3	26
7	55	2	39
25	6	-14	-47
-36	45	-17	28
-13	-56	57	-8
20	51	-38	-30
23	25	45	-35
1	55	7	-21
-17	-22	-17	-40
-12	-35	-41	32
7	3	28	-7
35	16	29	-11
6	45	-7	-14
-7	3	44	-20
37	30	25	4
-2	0	48	-23
45	-2	21	30
-31	-4	32	-16
23	-3	-9	18
-7	-6	-10	-38
42	9	-1	17
-36	44	-39	16
-48	-28	-9	17
6	-49	-26	-17
-18	15	18	53
28	28	-28	-20
-31	19	4	25
-2	18	22	26
-23	-46	35	23
-7	6	2	-46
21	32	55	-16
25	-39	30	-29
-12	-3	42	6
19	-16	10	-29
6	-25	-21	-24
44	-18	-8	20
-5	19	39	-23
9	-29	-39	-40
-2	27	27	-26
5	-18	-31	16
-6	-10	-40	2
39	8	-12	-44
-45	-7	48	-23
-42	-8	35	-3
-13	54	-13	6
-5	-1	-40	-26
-8	10	-19	7
-46	13	23	-23
-1	-35	-11	24
0	17	-48	12
38	16	24	53
20	28	24	1
16	7	12	12
-51	-5	-24	17
28	26	11	3
-21	46	37	30
9	-41	-27	-18
-13	-5	-22	-11
-8	-48	-37	-13
-10	-53	-7	58
13	12	2	37
-24	25	-34	-6
28	50	-32	-13
7	20	0	0
12	-34	-20	-3
-45	12	-2	12
-2	-13	6	3
8	41	-39	-28
26	44	5	-13
-23	47	-33	-37
10	15	-17	50
38	8	8	-18
10	-1	-18	-5
-3	18	2	-21
-35	7	34	-1
-30	-21	-20	-6
30	48	19	9
44	31	-21	-50
41	-7	22	-50
-32	39	-30	8
-15	-17	26	-28
18	-18	-7	-25
-22	-14	-44	-31
-53	-6	1	0
-5	-28	-30	41
6	-9	10	6
24	13	14	-7
7	-55	16	35
-18	-41	44	-11
-35	17	-46	14
-36	-5	-17	52
46	-12	57	0
-4	-24	44	-12
-26	-45	-18	31
-7	-8	-16	-57
52	-16	46	37
-20	32	11	56
2	0	51	27
49	16	15	1
-29	3	1	42
-44	25	17	-31
34	5	37	-15
6	-29	8	-45
-24	12	3	30
4	-21	1	-6
-48	11	50	-14
47	33	17	43
2	45	-3	-30
8	-45	41	17
-34	30	8	28
0	7	-32	0
44	-32	-54	19
43	8	-47	27
-37	-11	-35	-47
-28	-31	-5	-30
-46	24	-33	19
0	12	-48	30
0	-17	49	-30
-13	-8	-23	10
24	7	45	-8
21	33	-47	15
3	-14	8	-1
40	5	20	44
-6	43	-5	-9
-40	33	-40	-23
-4	14	9	29
-32	-32	37	6
3	-28	-59	-2
-2	34	24	-10
32	39	-56	-6
-16	36	-41	19
-7	15	35	-27
-12	-2	14	-14
17	-3	19	-18
13	40	49	3
-5	18	-19	-32
46	35	17	-39
9	-35	-29	15
12	-51	-17	-46
-32	10	6	36
-14	-26	-48	29
-5	0	-23	39
5	-36	-3	0
-5	34	-4	8
23	23	16	-3
20	3	-1	3
25	-12	2	-7
11	30	11	11
30	38	-58	6
-27	-14	-46	18
-9	-2	5	21
-43	-14	7	13
-29	36	13	38
-2	9	5	54
2	-15	3	-23
-17	15	4	14
-8	-26	-26	21
24	-27	-12	-6
-10	3	-10	3
50	11	57	-6
12	3	-43	-32
-36	-20	-18	-29
-5	-26	8	-24
33	-4	37	-32
3	7	-1	-59
21	43	11	5
15	36	20	-40
13	37	0	5
-16	-20	45	-35
48	16	31	-13
-22	7	-33	-14
31	32	28	-37
38	36	-3	-33
6	0	39	0
4	0	-25	-43
47	-32	-34	6
0	-4	11	28
-32	-19	5	1
-22	46	16	-11
-2	10	38	24
2	-33	-5	-14
-6	-37	12	-41
22	-38	5	2
-15	-40	1	-3
0	36	-9	-34
20	-29	-21	-6
-44	-4	6	0
7	11	25	-15
-6	0	-21	14
0	0	44	6
-1	11	8	-45
-17	3	-3	-14
-38	-14	-24	25
-27	-7	58	0
-4	8	-37	24
14	-17	9	6
-27	-31	-9	36
-35	20	-14	52
-6	26	-14	-3
-14	2	18	-4
-45	-17	16	-11
-28	-16	46	33
12	-31	25	13
52	8	22	25
6	7	-18	-22
12	-45	-3	8
30	32	-20	5
24	-22	22	0
-28	20	-23	3
-34	-13	-28	6
0	-39	46	15
46	21	10	10
13	9	45	-28
-6	-5	45	8
7	38	34	25
9	-10	0	-45
-14	27	-8	-23
-16	5	45	-10
44	-21	0	2
13	-21	-7	-2
-20	17	24	28
-53	26	-46	-18
-1	9	-8	52
55	5	-1	39
27	3	-21	9
34	10	-34	-15
-40	6	-8	-28
-9	-9	-31	34
-5	-3	45	30
45	16	-22	-17
1	37	-5	4
17	17	-31	8
7	18	15	-38
-11	14	2	-9
-1	0	7	38
29	22	-30	-46
12	-6	45	1
-10	6	-22	-12
1	-23	-5	8
-32	-15	-38	-10
-12	-10	25	17
23	32	56	14
18	8	-45	-23
27	6	-21	35
20	-18	32	16
40	32	-17	-19
-16	5	-11	32
-59	-3	-23	-41
8	-16	-23	41
-26	41	-8	-23
-26	-17	-55	4
-6	11	12	-9
4	9	28	27
4	13	-11	-7
-7	-5	-21	-19
-14	1	-30	-15
-25	-27	-3	-52
8	11	33	-16
-55	-9	-5	-5
-1	17	-34	-6
-11	5	-29	-3
3	-41	-2	25
51	-4	30	20
-10	0	-38	2
37	28	-31	-3
2	-10	25	0
12	-51	12	-13
11	-33	8	-37
-48	-18	10	-44
0	5	-26	-22
-7	1	-26	-32
39	28	-2	15
-32	-14	-1	7
-22	-20	38	38
40	-17	15	8
-33	6	-15	32
-31	-36	0	8
21	-19	-8	-2
15	36	-1	-38
34	6	-17	27
3	-12	-13	-39
-1	-51	13	8
52	3	-14	-22
-40	22	-10	6
-8	-17	43	-19
0	-5	23	-43
-10	0	-43	11
51	25	43	-1
-5	-24	12	-30
-13	-19	-28	-25
22	-23	20	8
-18	52	-6	-3
-6	46	35	-26
-2	-18	13	8
-16	0	-3	-8
-5	5	15	40
-30	-7	9	-27
-7	-16	-41	25
31	-5	33	-25
56	11	-24	12
1	-35	-15	12
34	42	-19	15
-8	-47	-18	-18
28	51	-6	-4
-46	20	-7	-59
20	25	-3	12
-20	1	-2	24
-5	0	-6	-24
-1	4	22	-52
-39	-18	48	18
39	8	-11	-14
-48	25	13	-17
-20	-26	-33	7
-15	10	10	-25
38	35	-12	15
4	-51	-51	7
-23	-54	35	43
-9	52	12	-5
-33	-12	-39	4
-1	-1	0	38
18	33	5	38
9	-32	27	-19
5	-43	-42	12
9	57	39	-34
-5	-5	2	12
-8	-9	-35	-5
-53	21	7	3
8	22	-30	-34
23	-1	-12	-35
-21	-33	27	24
-19	26	45	-31
-5	26	7	37
-49	29	-31	-5
4	-2	-28	14
7	-36	-13	47
-11	-49	49	-18
18	30	-52	15
-9	16	0	31
-2	32	-6	-50
-32	-35	-41	30
-21	15	-23	9
-29	0	7	-12
50	13	0	0
44	-32	1	-17
23	17	-20	7
-29	11	-9	20
0	-58	11	-44
-5	11	-19	27
-7	29	35	24
1	-4	3	43
17	-17	6	-19
30	-4	-26	20
-26	-2	-47	-6
-20	-34	1	7
-28	-22	25	-25
-11	30	0	5
-15	-14	37	34
-11	3	22	-15
25	-32	33	1
9	-9	-9	-17
-46	-4	19	13
-32	-25	-18	-31
58	-10	58	8
-25	28	-20	13
26	-50	11	0
12	-46	1	-19
-20	-42	-48	-8
15	-27	-35	-15
-38	-41	26	-14
28	-19	-31	-8
15	-48	57	1
-43	28	-3	18
24	-2	22	3
-5	-15	-52	3
-36	3	-29	-49
49	-6	14	45
16	3	45	32
16	1	-12	-23
-13	35	30	6
10	0	30	0
-39	23	49	-20
14	-53	36	34
8	2	20	-19
37	20	25	11
-29	30	-50	5
14	13	-12	-46
6	-35	-24	22
14	21	-23	-8
-50	12	-40	-35
9	-27	-6	-13
4	0	31	-37
12	0	-34	34
-3	-37	2	-17
-13	-8	5	24
-34	18	-44	36
-20	7	51	-24
-10	29	-32	-24
-18	1	-49	-19
-32	-2	39	6
-12	-9	-5	22
-32	35	0	6
-32	-50	48	-5
-17	53	-37	-17
-4	-6	33	34
-10	-4	-20	-43
5	-4	13	-35
1	-23	9	30
24	15	-30	2
35	16	-6	21
33	13	-51	0
-19	54	11	-50
-1	-22	-35	34
33	32	7	51
9	-46	1	38
-13	29	21	-53
3	-6	-21	-14
-36	-43	-29	13
-34	-43	-7	-10
-1	13	-52	23
-37	8	-30	-27
57	-12	5	-17
-20	7	22	21
5	59	-29	-22
7	1	-23	11
47	-24	34	-6
-4	5	23	38
-8	0	-55	-3
0	-2	0	-33
15	24	8	21
7	43	-4	-50
-35	-13	-2	42
27	32	-11	32
-9	-13	26	38
7	-45	42	24
40	-4	20	-18
-26	32	-19	27
-16	-28	5	-10
30	6	36	-8
25	19	-30	32
-22	-21	31	49
0	39	-28	35
-14	-16	1	-9
-34	-29	31	39
54	15	11	4
22	-2	-38	9
-26	43	50	5
-15	-5	0	-55
-50	-17	-16	-20
-7	3	-17	-56
-23	29	8	-5
-2	30	-8	1
55	10	-56	10
13	5	-1	0
38	18	-7	-7
-13	-24	-5	-52
-7	9	-45	-3
-2	-17	27	-16
-31	37	17	49
46	-20	-33	47
16	-26	-20	-35
-25	-48	27	0
10	1	21	5
26	-22	2	-39
-24	25	-19	6
-25	-42	30	6
-23	-26	2	10
46	-36	31	-49
-27	-20	6	-39
