Format: index, leftIndex, rightIndex, class - uX, uY, vX, vY, thresh - Score
1, 2, 3, -1 - 6, -56, -58, 0, 31.272317 - 0.591886
2, 4, 5, -1 - 40, 3, 1, 0, 41.184729 - 0.600520
3, 6, 7, -1 - 2, -20, -11, 0, 86.736656 - 0.655239
4, 8, 9, -1 - -34, -1, 46, -14, 53.910947 - 0.505522
5, 10, 11, -1 - 1, 16, -47, -9, -63.621937 - 0.969338
6, 12, 13, -1 - -29, -20, -7, -33, -36.912137 - 0.697420
7, 14, 15, -1 - -4, 2, -42, -12, -26.371044 - 0.698873
8, 16, 17, -1 - 35, -12, -16, -37, 18.570513 - 0.266711
9, 18, 19, -1 - -29, -7, -32, 39, -70.641194 - 0.442100
10, 20, 21, -1 - 51, 3, -19, 53, 92.352062 - 0.026750
11, 22, 23, -1 - -42, -23, 46, 12, -58.098086 - 0.974030
12, 24, 25, -1 - 45, -20, -55, -20, 93.823054 - 0.784459
13, 26, 27, -1 - 18, -2, -25, -21, 11.502426 - 0.578348
14, 28, 29, -1 - 39, 23, 28, -20, -71.727653 - 0.903045
15, 30, 31, -1 - -8, -18, -31, 39, 98.370312 - 0.634460
16, 32, 33, -1 - 32, -28, -35, -28, 34.067812 - 0.042348
17, 34, 35, -1 - -49, -3, 22, 16, -89.086581 - 0.640821
18, 36, 37, -1 - -26, 44, 23, -10, 25.144200 - 0.044176
19, 38, 39, -1 - -29, 31, 49, -25, 27.616199 - 0.156499
20, 40, 41, -1 - -28, 33, 5, 0, 11.142308 - 0.742487
21, 42, 43, -1 - -8, 7, 3, 21, -55.565050 - 0.009954
22, 44, 45, -1 - 44, -14, 0, 0, 11.484115 - 0.875571
23, 46, 47, -1 - -8, 27, 1, -42, -2.059999 - 0.831406
24, 48, 49, -1 - 29, -41, -32, -21, 48.509171 - 0.578045
25, 50, 51, -1 - 38, 27, -14, -44, 12.356944 - 0.863434
26, 52, 53, -1 - -48, -33, 24, 1, -14.175848 - 0.265006
27, 54, 55, -1 - 52, 1, 6, -19, 54.991302 - 0.464657
28, 56, 57, -1 - 51, 1, 31, -12, -21.518601 - 0.407830
29, 58, 59, -1 - 24, 23, 44, 36, -26.480911 - 0.902068
30, 60, 61, -1 - 26, -52, -49, -21, 21.170690 - 0.928483
31, 62, 63, -1 - -8, 7, 3, -22, -32.316050 - 0.245720
32, 64, 65, -1 - -22, 53, -1, -13, -25.327311 - 0.014785
33, 66, 67, -1 - 1, -24, -45, -29, -30.600909 - 0.684370
34, 68, 69, -1 - 7, 17, 48, 8, 46.574297 - 0.347591
35, 70, 71, -1 - 0, -55, 46, -35, -85.839412 - 0.500141
36, 72, 73, -1 - 0, -55, 46, -35, -85.839412 - 0.994030
37, 74, 75, -1 - -30, -6, -6, -26, 51.438948 - 0.021799
38, 76, 77, -1 - -17, 56, -16, 13, 80.114139 - 0.534015
39, 78, 79, -1 - -14, -21, 52, -13, 71.288186 - 0.083497
40, 0, 0, 2 - 0, 0, 0, 0, 0.000000 - 0.000000
41, 80, 81, -1 - 18, -9, -13, 1, -72.283090 - 1.000000
42, 82, 83, -1 - 18, -9, -13, 1, -72.283090 - 0.970951
43, 84, 85, -1 - 0, 7, 57, 3, 84.783471 - 0.003488
44, 86, 87, -1 - 44, 9, 33, 47, -62.236396 - 0.075065
45, 88, 89, -1 - 31, 6, 44, -39, 34.580523 - 0.910438
46, 90, 91, -1 - -50, -1, -15, 21, 24.332408 - 0.486963
47, 92, 93, -1 - -5, -9, -8, 52, 74.584185 - 0.985753
48, 94, 95, -1 - -8, -46, -36, 5, 31.919309 - 0.879529
49, 96, 97, -1 - -17, -15, -9, -33, -91.027558 - 0.087182
50, 98, 99, -1 - 53, 23, 33, 2, 89.422285 - 0.822675
51, 100, 101, -1 - 12, 1, 21, -10, -29.923399 - 0.841224
52, 102, 103, -1 - -52, 11, 5, -56, -99.420148 - 0.857222
53, 104, 105, -1 - -14, -7, 24, 0, 58.384960 - 0.075223
54, 106, 107, -1 - -8, -57, -58, -14, 32.474746 - 0.337435
55, 108, 109, -1 - 58, -8, 1, 4, 94.409009 - 0.819332
56, 110, 111, -1 - 13, -56, -8, -9, 65.221107 - 0.951976
57, 112, 113, -1 - -22, -36, 14, 50, -98.278756 - 0.086516
58, 114, 115, -1 - 28, -4, 43, 2, -84.344005 - 0.117241
59, 116, 117, -1 - 23, -21, -15, -25, 35.764641 - 0.999818
60, 118, 119, -1 - -9, -11, 9, 0, 79.241310 - 0.563469
61, 120, 121, -1 - 38, -30, 36, -17, 34.128849 - 0.918876
62, 122, 123, -1 - -18, 35, 14, -40, -25.174718 - 0.071622
63, 124, 125, -1 - -44, -20, 28, -27, -88.421278 - 0.358518
64, 126, 127, -1 - 46, 3, 7, -52, -84.398938 - 0.286344
65, 128, 129, -1 - 33, -20, -54, -18, 64.226203 - 0.002103
66, 130, 131, -1 - -15, -48, 35, -16, 26.859340 - 0.085144
67, 132, 133, -1 - -8, -31, 11, 19, 89.434492 - 0.945434
68, 134, 135, -1 - 42, -23, 45, 7, 91.808832 - 0.402483
69, 136, 137, -1 - -2, 14, -56, -3, 15.640736 - 0.051891
70, 0, 0, 10 - 0, 0, 0, 0, 0.000000 - 0.000000
71, 138, 139, -1 - 25, -9, 32, 2, 5.105747 - 0.091918
72, 0, 0, 10 - 0, 0, 0, 0, 0.000000 - 0.000000
73, 140, 141, -1 - -58, -5, -9, -5, 14.590899 - 0.468996
74, 142, 143, -1 - 10, -4, 6, 2, -55.247658 - 0.004695
75, 144, 145, -1 - 41, -11, -29, -5, 92.913602 - 0.288221
76, 146, 147, -1 - 6, 2, -17, 57, -72.069460 - 0.960485
77, 148, 149, -1 - -22, 40, 48, -24, 70.091861 - 0.088413
78, 150, 151, -1 - 46, -35, -25, -43, -52.006592 - 0.112431
79, 152, 153, -1 - 50, -32, 24, -32, 4.745628 - 0.033491
80, 154, 155, -1 - -32, 22, -1, 23, 69.286172 - 1.000000
81, 0, 0, 3 - 0, 0, 0, 0, 0.000000 - 0.000000
82, 0, 0, 4 - 0, 0, 0, 0, 0.000000 - 0.000000
83, 0, 0, 5 - 0, 0, 0, 0, 0.000000 - 0.000000
84, 156, 157, -1 - -4, 8, 22, 47, -64.079714 - 0.002516
85, 158, 159, -1 - 54, 18, 45, 4, 50.401318 - 0.811278
86, 160, 161, -1 - -3, -12, -36, -14, 9.720145 - 0.828170
87, 162, 163, -1 - -20, 11, 35, -10, -91.998047 - 0.007305
88, 164, 165, -1 - 13, -4, 24, -43, 44.859157 - 0.226540
89, 166, 167, -1 - 20, 46, 25, 3, 77.550584 - 0.396180
90, 168, 169, -1 - 17, -1, 1, 1, 48.844874 - 0.943466
91, 170, 171, -1 - -5, -8, 21, -17, 83.507797 - 0.079138
92, 172, 173, -1 - -13, -56, -11, -7, 9.006012 - 0.759359
93, 174, 175, -1 - 13, -8, -9, -8, -44.969024 - 0.061865
94, 0, 0, 15 - 0, 0, 0, 0, 0.000000 - 0.000000
95, 176, 177, -1 - 18, -9, -13, 1, -72.283090 - 0.031172
96, 178, 179, -1 - -45, -13, -34, -4, -1.565600 - 0.065817
97, 180, 181, -1 - 13, -56, -8, -9, 65.221107 - 0.863341
98, 182, 183, -1 - 34, -3, 31, -39, -69.200720 - 0.456668
99, 184, 185, -1 - -31, 37, 28, 36, 45.139927 - 0.097778
100, 186, 187, -1 - 52, 27, 27, -45, 41.319010 - 0.790949
101, 188, 189, -1 - -41, 39, 24, -19, 49.516282 - 0.317872
102, 190, 191, -1 - -39, 42, 36, 27, 57.011628 - 0.907941
103, 192, 193, -1 - -47, -18, 0, 1, -12.613300 - 0.853215
104, 194, 195, -1 - -4, -35, -34, -40, 81.334880 - 0.044038
105, 196, 197, -1 - -4, -35, -34, -40, 81.334880 - 0.999249
106, 198, 199, -1 - -8, -51, 23, -28, 73.491623 - 0.764116
107, 200, 201, -1 - 0, -1, -15, -36, -14.828944 - 0.134030
108, 202, 203, -1 - 7, -54, -41, -15, 37.076937 - 0.779587
109, 204, 205, -1 - 12, -52, 7, 24, 96.429334 - 0.690497
110, 206, 207, -1 - -21, 16, 50, 1, 32.297739 - 0.262759
111, 0, 0, 2 - 0, 0, 0, 0, 0.000000 - 0.000000
112, 208, 209, -1 - -5, 2, -22, -37, 16.067995 - 0.938315
113, 210, 211, -1 - -55, 5, 40, 21, -48.448134 - 0.022146
114, 212, 213, -1 - 17, 19, -39, 27, 11.575671 - 0.503258
115, 214, 215, -1 - 36, -23, 40, 28, 81.743828 - 0.011945
116, 216, 217, -1 - -19, -17, 12, 0, 46.525468 - 0.235976
117, 218, 219, -1 - 3, -25, -5, -4, 97.283853 - 0.599895
118, 220, 221, -1 - -26, 3, -10, -22, -58.983123 - 0.167298
119, 0, 0, 6 - 0, 0, 0, 0, 0.000000 - 0.000000
120, 222, 223, -1 - -25, -18, 6, -9, -50.425733 - 0.674678
121, 224, 225, -1 - -1, 2, -8, -28, -62.273019 - 0.026226
122, 226, 227, -1 - -9, 9, 21, -52, -6.521805 - 0.029006
123, 228, 229, -1 - 12, 15, 56, -10, -18.521683 - 0.664695
124, 230, 231, -1 - -3, -3, -46, -30, 11.044649 - 0.992774
125, 232, 233, -1 - 17, -1, 1, 1, 48.844874 - 0.034811
126, 234, 235, -1 - 27, 17, 14, 28, 49.656667 - 0.143344
127, 0, 0, 3 - 0, 0, 0, 0, 0.000000 - 0.000000
128, 236, 237, -1 - -44, -25, -2, -31, -98.480178 - 0.000812
129, 238, 239, -1 - 10, -13, 24, -17, 26.212348 - 0.066236
130, 0, 0, 10 - 0, 0, 0, 0, 0.000000 - 0.000000
131, 0, 0, 2 - 0, 0, 0, 0, 0.000000 - 0.000000
132, 240, 241, -1 - 25, -15, 45, 2, -79.979858 - 0.864616
133, 242, 243, -1 - 30, -33, -5, -27, 6.472976 - 0.061927
134, 244, 245, -1 - 25, -15, 45, 2, -79.979858 - 0.474824
135, 246, 247, -1 - 0, -28, -50, -11, -8.206427 - 0.428443
136, 248, 249, -1 - -9, -5, 36, -46, -32.694479 - 0.347200
137, 250, 251, -1 - -3, -3, -46, -30, 11.044649 - 0.019604
138, 0, 0, 2 - 0, 0, 0, 0, 0.000000 - 0.000000
139, 252, 253, -1 - 0, 0, 49, -24, -40.684225 - 0.881291
140, 0, 0, 19 - 0, 0, 0, 0, 0.000000 - 0.000000
141, 0, 0, 18 - 0, 0, 0, 0, 0.000000 - 0.000000
142, 0, 0, 1 - 0, 0, 0, 0, 0.000000 - 0.000000
143, 254, 255, -1 - -29, -5, 17, -3, -31.076998 - 0.003326
144, 256, 257, -1 - -29, -5, 19, -36, 8.346812 - 0.198822
145, 0, 0, 1 - 0, 0, 0, 0, 0.000000 - 0.000000
146, 258, 259, -1 - 27, -15, 3, 33, 68.797876 - 0.245482
147, 0, 0, 3 - 0, 0, 0, 0, 0.000000 - 0.000000
148, 260, 261, -1 - 16, -18, 58, -7, 19.589831 - 0.062952
149, 262, 263, -1 - -12, -6, 0, -19, -71.123386 - 0.708579
150, 264, 265, -1 - -12, 20, 8, -45, 31.510361 - 0.113254
151, 266, 267, -1 - 16, -18, 58, -7, 19.589831 - 0.505178
152, 268, 269, -1 - -14, 52, 47, -17, 93.292032 - 0.026483
153, 270, 271, -1 - 53, -3, 48, -34, -40.055544 - 0.476725
154, 0, 0, 16 - 0, 0, 0, 0, 0.000000 - 0.000000
155, 0, 0, 1 - 0, 0, 0, 0, 0.000000 - 0.000000
156, 0, 0, 4 - 0, 0, 0, 0, 0.000000 - 0.000000
157, 0, 0, 3 - 0, 0, 0, 0, 0.000000 - 0.000000
158, 0, 0, 3 - 0, 0, 0, 0, 0.000000 - 0.000000
159, 0, 0, 2 - 0, 0, 0, 0, 0.000000 - 0.000000
160, 0, 0, 18 - 0, 0, 0, 0, 0.000000 - 0.000000
161, 272, 273, -1 - -2, -2, 34, -46, -34.891812 - 0.337290
162, 0, 0, 18 - 0, 0, 0, 0, 0.000000 - 0.000000
163, 0, 0, 19 - 0, 0, 0, 0, 0.000000 - 0.000000
164, 274, 275, -1 - 1, -5, -39, -2, 3.115940 - 1.000000
165, 0, 0, 21 - 0, 0, 0, 0, 0.000000 - 0.000000
166, 276, 277, -1 - -31, -50, -14, 13, -70.323801 - 0.049055
167, 278, 279, -1 - 18, -9, -13, 1, -72.283090 - 0.120681
168, 280, 281, -1 - -54, 22, 34, 12, 53.349406 - 0.996038
169, 282, 283, -1 - 18, 36, 11, 6, -42.527543 - 0.560577
170, 284, 285, -1 - -41, -8, 25, -15, 23.685415 - 0.009178
171, 286, 287, -1 - 28, -24, 22, -16, 65.276040 - 0.786319
172, 288, 289, -1 - 35, -12, -16, -37, 18.570513 - 0.021443
173, 290, 291, -1 - 18, -9, -13, 1, -72.283090 - 0.060474
174, 0, 0, 4 - 0, 0, 0, 0, 0.000000 - 0.000000
175, 0, 0, 5 - 0, 0, 0, 0, 0.000000 - 0.000000
176, 0, 0, 11 - 0, 0, 0, 0, 0.000000 - 0.000000
177, 0, 0, 2 - 0, 0, 0, 0, 0.000000 - 0.000000
178, 292, 293, -1 - -20, 34, 47, -24, -85.009308 - 0.213580
179, 294, 295, -1 - 27, 23, 47, -20, -82.073428 - 0.022980
180, 0, 0, 2 - 0, 0, 0, 0, 0.000000 - 0.000000
181, 296, 297, -1 - 10, -34, 38, -9, 29.703665 - 0.471897
182, 298, 299, -1 - -13, -13, -9, 1, 74.169134 - 0.939503
183, 300, 301, -1 - 15, 0, -14, -56, -62.303537 - 0.138261
184, 302, 303, -1 - 40, 0, 47, 20, 17.099521 - 0.002946
185, 304, 305, -1 - -2, -5, -12, -15, 28.061769 - 0.337290
186, 306, 307, -1 - -32, -39, 25, -44, -49.681082 - 0.032509
187, 308, 309, -1 - 17, -1, 1, 1, 48.844874 - 0.065351
188, 0, 0, 17 - 0, 0, 0, 0, 0.000000 - 0.000000
189, 310, 311, -1 - -29, -12, 1, 0, 6.912442 - 0.918296
190, 312, 313, -1 - -7, 50, 7, 26, 73.650319 - 0.442690
191, 314, 315, -1 - -54, 10, 0, -34, -23.593860 - 0.403511
192, 316, 317, -1 - 15, 6, -1, -8, -58.580279 - 0.894296
193, 318, 319, -1 - 17, -15, 3, -8, 9.598071 - 0.231591
194, 320, 321, -1 - 1, -5, -24, -1, 34.965056 - 0.044967
195, 322, 323, -1 - -8, -42, -9, -9, 99.871822 - 0.818567
196, 324, 325, -1 - -7, -44, -18, -16, 89.794610 - 0.999198
197, 0, 0, 10 - 0, 0, 0, 0, 0.000000 - 0.000000
198, 326, 327, -1 - 0, 2, 13, -39, -67.766350 - 0.274389
199, 328, 329, -1 - 32, 33, -26, 44, -46.549883 - 0.058925
200, 330, 331, -1 - 23, -29, -4, -30, 23.831904 - 1.000000
201, 332, 333, -1 - -22, -26, -16, -12, -7.669301 - 0.030818
202, 334, 335, -1 - -31, 0, 46, -35, -30.191961 - 0.842170
203, 336, 337, -1 - -7, 1, 50, -16, -79.155858 - 0.433045
204, 338, 339, -1 - 9, 41, -53, 8, 57.579272 - 0.991753
205, 340, 341, -1 - 51, 4, 15, 5, 84.154790 - 0.080086
206, 0, 0, 6 - 0, 0, 0, 0, 0.000000 - 0.000000
207, 342, 343, -1 - -58, -5, -9, -5, 14.590899 - 0.591673
208, 0, 0, 6 - 0, 0, 0, 0, 0.000000 - 0.000000
209, 0, 0, 7 - 0, 0, 0, 0, 0.000000 - 0.000000
210, 344, 345, -1 - -46, -33, 0, 16, -77.623829 - 0.257512
211, 346, 347, -1 - -21, -37, -10, 22, 24.344615 - 0.004962
212, 0, 0, 8 - 0, 0, 0, 0, 0.000000 - 0.000000
213, 0, 0, 7 - 0, 0, 0, 0, 0.000000 - 0.000000
214, 348, 349, -1 - -14, -1, 11, 1, 20.175787 - 0.009775
215, 0, 0, 7 - 0, 0, 0, 0, 0.000000 - 0.000000
216, 350, 351, -1 - 11, 1, -6, 4, 48.136845 - 0.041798
217, 352, 353, -1 - 17, -1, 1, 1, 48.844874 - 0.975526
218, 354, 355, -1 - -18, 41, 2, 28, -42.667928 - 0.829091
219, 0, 0, 13 - 0, 0, 0, 0, 0.000000 - 0.000000
220, 356, 357, -1 - -56, -11, 48, -6, 90.746788 - 0.175565
221, 358, 359, -1 - 6, 38, -10, -14, 50.675985 - 0.032468
222, 0, 0, 13 - 0, 0, 0, 0, 0.000000 - 0.000000
223, 360, 361, -1 - -28, 28, -57, 15, 29.776910 - 0.873981
224, 0, 0, 10 - 0, 0, 0, 0, 0.000000 - 0.000000
225, 0, 0, 2 - 0, 0, 0, 0, 0.000000 - 0.000000
226, 362, 363, -1 - -41, 9, -32, 30, -5.233924 - 0.009429
227, 0, 0, 7 - 0, 0, 0, 0, 0.000000 - 0.000000
228, 364, 365, -1 - 38, 45, 2, -15, -8.987701 - 0.764204
229, 0, 0, 13 - 0, 0, 0, 0, 0.000000 - 0.000000
230, 366, 367, -1 - -22, -28, -17, 5, -2.255318 - 0.994030
231, 368, 369, -1 - 17, -1, 1, 1, 48.844874 - 0.764204
232, 0, 0, 7 - 0, 0, 0, 0, 0.000000 - 0.000000
233, 0, 0, 5 - 0, 0, 0, 0, 0.000000 - 0.000000
234, 370, 371, -1 - 5, 23, 0, -1, 48.203986 - 0.023701
235, 0, 0, 6 - 0, 0, 0, 0, 0.000000 - 0.000000
236, 372, 373, -1 - -28, 25, 34, -11, -44.877468 - 0.091983
237, 374, 375, -1 - 20, -12, -31, -50, 6.796472 - 0.000262
238, 376, 377, -1 - 22, -4, -25, -15, -11.685537 - 0.040596
239, 0, 0, 14 - 0, 0, 0, 0, 0.000000 - 0.000000
240, 0, 0, 19 - 0, 0, 0, 0, 0.000000 - 0.000000
241, 378, 379, -1 - -17, 14, 46, 4, 54.222236 - 0.993055
242, 0, 0, 10 - 0, 0, 0, 0, 0.000000 - 0.000000
243, 0, 0, 2 - 0, 0, 0, 0, 0.000000 - 0.000000
244, 0, 0, 19 - 0, 0, 0, 0, 0.000000 - 0.000000
245, 380, 381, -1 - -12, -34, 13, 6, -77.861873 - 0.998636
246, 0, 0, 19 - 0, 0, 0, 0, 0.000000 - 0.000000
247, 382, 383, -1 - -34, -26, -22, -29, -2.359081 - 0.266765
248, 384, 385, -1 - -31, -16, -5, -28, 1.174963 - 0.045886
249, 386, 387, -1 - -2, -12, 29, -42, -56.230354 - 0.655328
250, 0, 0, 2 - 0, 0, 0, 0, 0.000000 - 0.000000
251, 388, 389, -1 - -31, -16, -5, -28, 1.174963 - 0.008437
252, 0, 0, 18 - 0, 0, 0, 0, 0.000000 - 0.000000
253, 0, 0, 2 - 0, 0, 0, 0, 0.000000 - 0.000000
254, 390, 391, -1 - 19, 26, 35, 10, 96.978668 - 0.086642
255, 0, 0, 2 - 0, 0, 0, 0, 0.000000 - 0.000000
256, 0, 0, 2 - 0, 0, 0, 0, 0.000000 - 0.000000
257, 392, 393, -1 - 18, -9, -13, 1, -72.283090 - 0.890492
258, 0, 0, 2 - 0, 0, 0, 0, 0.000000 - 0.000000
259, 0, 0, 1 - 0, 0, 0, 0, 0.000000 - 0.000000
260, 394, 395, -1 - -27, 16, 35, 24, -14.206366 - 0.050996
261, 396, 397, -1 - 44, -14, 0, 0, 11.484115 - 0.755217
262, 398, 399, -1 - 34, 4, -20, -8, -55.668813 - 0.366834
263, 0, 0, 2 - 0, 0, 0, 0, 0.000000 - 0.000000
264, 400, 401, -1 - 55, -8, 41, -43, -19.577624 - 0.126001
265, 402, 403, -1 - 53, 10, -4, 8, -21.683401 - 0.337066
266, 404, 405, -1 - -44, -36, 2, 3, 19.998779 - 0.083072
267, 406, 407, -1 - -7, -21, 48, -14, 18.454543 - 0.360417
268, 0, 0, 2 - 0, 0, 0, 0, 0.000000 - 0.000000
269, 408, 409, -1 - 38, 26, 50, -20, -62.590411 - 0.009506
270, 410, 411, -1 - 46, 10, -12, 14, 0.863674 - 0.214088
271, 412, 413, -1 - 29, -45, 47, -30, 5.795465 - 0.073769
272, 0, 0, 19 - 0, 0, 0, 0, 0.000000 - 0.000000
273, 0, 0, 18 - 0, 0, 0, 0, 0.000000 - 0.000000
274, 414, 415, -1 - 15, -3, 8, 10, -0.198370 - 0.979869
275, 416, 417, -1 - -20, 11, 35, -10, -91.998047 - 0.954434
276, 418, 419, -1 - 12, 15, 56, -10, -18.521683 - 0.015333
277, 420, 421, -1 - 0, -55, 46, -35, -85.839412 - 0.650022
278, 0, 0, 1 - 0, 0, 0, 0, 0.000000 - 0.000000
279, 0, 0, 19 - 0, 0, 0, 0, 0.000000 - 0.000000
280, 0, 0, 10 - 0, 0, 0, 0, 0.000000 - 0.000000
281, 0, 0, 2 - 0, 0, 0, 0, 0.000000 - 0.000000
282, 422, 423, -1 - 9, -10, 11, 0, -23.191015 - 0.313813
283, 0, 0, 9 - 0, 0, 0, 0, 0.000000 - 0.000000
284, 424, 425, -1 - 25, 50, 21, -41, -29.728080 - 0.009184
285, 0, 0, 3 - 0, 0, 0, 0, 0.000000 - 0.000000
286, 426, 427, -1 - 21, 21, 6, 1, 49.009674 - 0.413817
287, 0, 0, 3 - 0, 0, 0, 0, 0.000000 - 0.000000
288, 0, 0, 2 - 0, 0, 0, 0, 0.000000 - 0.000000
289, 0, 0, 18 - 0, 0, 0, 0, 0.000000 - 0.000000
290, 0, 0, 1 - 0, 0, 0, 0, 0.000000 - 0.000000
291, 0, 0, 2 - 0, 0, 0, 0, 0.000000 - 0.000000
292, 0, 0, 11 - 0, 0, 0, 0, 0.000000 - 0.000000
293, 0, 0, 10 - 0, 0, 0, 0, 0.000000 - 0.000000
294, 428, 429, -1 - -14, -31, -6, 41, 23.856319 - 0.247109
295, 430, 431, -1 - -13, -6, -46, 1, 84.966582 - 0.005325
296, 432, 433, -1 - 32, 33, -26, 44, -46.549883 - 0.945660
297, 0, 0, 10 - 0, 0, 0, 0, 0.000000 - 0.000000
298, 0, 0, 10 - 0, 0, 0, 0, 0.000000 - 0.000000
299, 0, 0, 11 - 0, 0, 0, 0, 0.000000 - 0.000000
300, 434, 435, -1 - 28, -24, 22, -16, 65.276040 - 0.055757
301, 436, 437, -1 - 16, 7, -1, 0, 90.533158 - 0.550984
302, 0, 0, 11 - 0, 0, 0, 0, 0.000000 - 0.000000
303, 438, 439, -1 - 17, -1, 1, -10, -73.668630 - 0.721928
304, 0, 0, 10 - 0, 0, 0, 0, 0.000000 - 0.000000
305, 0, 0, 11 - 0, 0, 0, 0, 0.000000 - 0.000000
306, 440, 441, -1 - -14, -1, 11, 1, 20.175787 - 0.031071
307, 442, 443, -1 - 25, -44, 9, -1, -25.443281 - 0.273995
308, 0, 0, 15 - 0, 0, 0, 0, 0.000000 - 0.000000
309, 0, 0, 20 - 0, 0, 0, 0, 0.000000 - 0.000000
310, 444, 445, -1 - 17, -1, 1, 1, 48.844874 - 0.890492
311, 0, 0, 21 - 0, 0, 0, 0, 0.000000 - 0.000000
312, 446, 447, -1 - 0, 0, 49, -24, -40.684225 - 0.235193
313, 448, 449, -1 - -9, -6, -5, 58, -41.966002 - 0.134584
314, 0, 0, 10 - 0, 0, 0, 0, 0.000000 - 0.000000
315, 0, 0, 14 - 0, 0, 0, 0, 0.000000 - 0.000000
316, 450, 451, -1 - -18, -48, -2, -19, 53.147984 - 0.139233
317, 452, 453, -1 - -3, -3, -46, -30, 11.044649 - 0.692689
318, 0, 0, 2 - 0, 0, 0, 0, 0.000000 - 0.000000
319, 0, 0, 10 - 0, 0, 0, 0, 0.000000 - 0.000000
320, 454, 455, -1 - -4, -23, -3, -1, 41.782891 - 0.011579
321, 456, 457, -1 - 38, 45, 2, -15, -8.987701 - 0.994539
322, 458, 459, -1 - 2, -22, 24, -13, -65.581225 - 0.108440
323, 0, 0, 10 - 0, 0, 0, 0, 0.000000 - 0.000000
324, 460, 461, -1 - -44, 19, 16, -30, 87.597278 - 0.999142
325, 462, 463, -1 - 38, 45, 2, -15, -8.987701 - 0.869138
326, 464, 465, -1 - 17, -1, 1, 1, 48.844874 - 0.961237
327, 466, 467, -1 - 23, -27, -22, -42, 15.567492 - 0.040265
328, 0, 0, 10 - 0, 0, 0, 0, 0.000000 - 0.000000
329, 0, 0, 14 - 0, 0, 0, 0, 0.000000 - 0.000000
330, 468, 469, -1 - 12, 15, 56, -10, -18.521683 - 0.811278
331, 470, 471, -1 - 0, -55, 46, -35, -85.839412 - 0.468996
332, 0, 0, 15 - 0, 0, 0, 0, 0.000000 - 0.000000
333, 472, 473, -1 - -30, -5, -10, -11, 4.886013 - 0.007747
334, 474, 475, -1 - 9, 31, -45, 16, 81.670583 - 0.901170
335, 476, 477, -1 - -4, -38, 3, -10, -1.223792 - 0.164890
336, 478, 479, -1 - -54, 10, 0, -34, -23.593860 - 0.949592
337, 480, 481, -1 - 19, -48, 53, 10, 70.830409 - 0.201966
338, 482, 483, -1 - 44, -14, 0, 0, 11.484115 - 0.999355
339, 484, 485, -1 - 24, -21, 33, -41, -83.721427 - 0.810983
340, 486, 487, -1 - 9, 1, -16, 0, 12.302011 - 0.516747
341, 488, 489, -1 - 38, -15, 25, 36, -31.907102 - 0.009898
342, 0, 0, 7 - 0, 0, 0, 0, 0.000000 - 0.000000
343, 0, 0, 6 - 0, 0, 0, 0, 0.000000 - 0.000000
344, 0, 0, 7 - 0, 0, 0, 0, 0.000000 - 0.000000
345, 490, 491, -1 - -42, 23, 18, 1, -27.811518 - 0.803579
346, 0, 0, 6 - 0, 0, 0, 0, 0.000000 - 0.000000
347, 0, 0, 7 - 0, 0, 0, 0, 0.000000 - 0.000000
348, 492, 493, -1 - -4, -15, 28, 39, 31.369976 - 0.005339
349, 494, 495, -1 - -20, -7, -9, 43, 34.183782 - 0.365055
350, 496, 497, -1 - 13, -7, 13, 19, 30.478835 - 0.271034
351, 0, 0, 9 - 0, 0, 0, 0, 0.000000 - 0.000000
352, 0, 0, 7 - 0, 0, 0, 0, 0.000000 - 0.000000
353, 498, 499, -1 - 2, 1, -34, 19, 45.353557 - 0.479832
354, 500, 501, -1 - 15, -3, 8, 10, -0.198370 - 0.080793
355, 502, 503, -1 - -29, -10, -13, -33, -17.813654 - 0.868040
356, 0, 0, 6 - 0, 0, 0, 0, 0.000000 - 0.000000
357, 0, 0, 10 - 0, 0, 0, 0, 0.000000 - 0.000000
358, 504, 505, -1 - 11, -42, 6, 13, 75.206763 - 0.011639
359, 0, 0, 6 - 0, 0, 0, 0, 0.000000 - 0.000000
360, 506, 507, -1 - -22, -28, -17, 5, -2.255318 - 0.468996
361, 0, 0, 14 - 0, 0, 0, 0, 0.000000 - 0.000000
362, 508, 509, -1 - 46, -6, 25, -31, -34.916227 - 0.721928
363, 510, 511, -1 - -11, 44, 11, -44, -41.264077 - 0.007266
364, 0, 0, 2 - 0, 0, 0, 0, 0.000000 - 0.000000
365, 0, 0, 5 - 0, 0, 0, 0, 0.000000 - 0.000000
366, 0, 0, 12 - 0, 0, 0, 0, 0.000000 - 0.000000
367, 0, 0, 6 - 0, 0, 0, 0, 0.000000 - 0.000000
368, 0, 0, 11 - 0, 0, 0, 0, 0.000000 - 0.000000
369, 0, 0, 13 - 0, 0, 0, 0, 0.000000 - 0.000000
370, 512, 513, -1 - 54, 4, 8, 29, -48.265023 - 0.011590
371, 514, 515, -1 - -44, -6, -24, 0, 33.817560 - 1.000000
372, 0, 0, 10 - 0, 0, 0, 0, 0.000000 - 0.000000
373, 0, 0, 2 - 0, 0, 0, 0, 0.000000 - 0.000000
374, 0, 0, 2 - 0, 0, 0, 0, 0.000000 - 0.000000
375, 516, 517, -1 - 15, -10, 28, -22, -46.519364 - 0.031692
376, 0, 0, 18 - 0, 0, 0, 0, 0.000000 - 0.000000
377, 518, 519, -1 - 2, -53, 16, -3, -9.964293 - 0.017403
378, 520, 521, -1 - -22, -28, -17, 5, -2.255318 - 0.426229
379, 0, 0, 18 - 0, 0, 0, 0, 0.000000 - 0.000000
380, 0, 0, 18 - 0, 0, 0, 0, 0.000000 - 0.000000
381, 522, 523, -1 - 0, 0, 49, -24, -40.684225 - 0.439497
382, 0, 0, 19 - 0, 0, 0, 0, 0.000000 - 0.000000
383, 524, 525, -1 - 0, 3, -30, -17, -88.732566 - 0.203074
384, 0, 0, 18 - 0, 0, 0, 0, 0.000000 - 0.000000
385, 526, 527, -1 - 28, -25, -50, 9, -38.651692 - 1.000000
386, 528, 529, -1 - -31, -16, -5, -28, 1.174963 - 0.453716
387, 530, 531, -1 - 28, -25, -50, 9, -38.651692 - 0.210842
388, 0, 0, 18 - 0, 0, 0, 0, 0.000000 - 0.000000
389, 0, 0, 2 - 0, 0, 0, 0, 0.000000 - 0.000000
390, 0, 0, 2 - 0, 0, 0, 0, 0.000000 - 0.000000
391, 532, 533, -1 - 8, 6, -14, 14, -53.361614 - 0.954434
392, 0, 0, 2 - 0, 0, 0, 0, 0.000000 - 0.000000
393, 0, 0, 1 - 0, 0, 0, 0, 0.000000 - 0.000000
394, 0, 0, 1 - 0, 0, 0, 0, 0.000000 - 0.000000
395, 534, 535, -1 - -28, 25, 34, -11, -44.877468 - 0.034296
396, 536, 537, -1 - 1, 0, 10, -11, 25.595874 - 0.331251
397, 0, 0, 2 - 0, 0, 0, 0, 0.000000 - 0.000000
398, 538, 539, -1 - 27, 38, 41, -34, 25.217444 - 0.617511
399, 0, 0, 1 - 0, 0, 0, 0, 0.000000 - 0.000000
400, 540, 541, -1 - 17, -37, -7, -17, 87.121189 - 0.626335
401, 542, 543, -1 - 5, 13, 24, -38, 39.182714 - 0.034512
402, 544, 545, -1 - -58, 12, 10, -54, 60.710471 - 0.388612
403, 546, 547, -1 - -25, -29, 3, 5, -85.491501 - 0.131592
404, 548, 549, -1 - -1, -54, 22, -10, 69.042024 - 0.881291
405, 550, 551, -1 - 8, -15, 51, -15, 55.400250 - 0.055586
406, 552, 553, -1 - -28, 25, 34, -11, -44.877468 - 0.286397
407, 554, 555, -1 - 46, 21, -9, 35, -1.821955 - 0.107269
408, 556, 557, -1 - 42, 35, -24, 26, -44.621113 - 0.196476
409, 0, 0, 1 - 0, 0, 0, 0, 0.000000 - 0.000000
410, 0, 0, 2 - 0, 0, 0, 0, 0.000000 - 0.000000
411, 558, 559, -1 - 0, -28, -50, -11, -8.206427 - 0.945660
412, 560, 561, -1 - 5, 13, 24, -38, 39.182714 - 0.650022
413, 562, 563, -1 - -18, 20, -16, 10, 56.437880 - 0.019995
414, 0, 0, 20 - 0, 0, 0, 0, 0.000000 - 0.000000
415, 564, 565, -1 - 18, -9, -13, 1, -72.283090 - 0.591673
416, 0, 0, 16 - 0, 0, 0, 0, 0.000000 - 0.000000
417, 566, 567, -1 - 0, -55, 46, -35, -85.839412 - 0.503258
418, 0, 0, 18 - 0, 0, 0, 0, 0.000000 - 0.000000
419, 568, 569, -1 - -35, -29, -37, -15, 30.869472 - 0.015352
420, 0, 0, 20 - 0, 0, 0, 0, 0.000000 - 0.000000
421, 0, 0, 21 - 0, 0, 0, 0, 0.000000 - 0.000000
422, 0, 0, 4 - 0, 0, 0, 0, 0.000000 - 0.000000
423, 0, 0, 5 - 0, 0, 0, 0, 0.000000 - 0.000000
424, 0, 0, 4 - 0, 0, 0, 0, 0.000000 - 0.000000
425, 0, 0, 5 - 0, 0, 0, 0, 0.000000 - 0.000000
426, 0, 0, 3 - 0, 0, 0, 0, 0.000000 - 0.000000
427, 0, 0, 4 - 0, 0, 0, 0, 0.000000 - 0.000000
428, 570, 571, -1 - 4, 0, 9, -49, 0.637837 - 0.024788
429, 572, 573, -1 - -31, 14, 50, 4, -32.340464 - 0.463274
430, 574, 575, -1 - 12, -55, -26, 0, -9.604175 - 0.001738
431, 0, 0, 11 - 0, 0, 0, 0, 0.000000 - 0.000000
432, 0, 0, 2 - 0, 0, 0, 0, 0.000000 - 0.000000
433, 0, 0, 15 - 0, 0, 0, 0, 0.000000 - 0.000000
434, 576, 577, -1 - 33, -2, 5, 12, -46.659749 - 0.025293
435, 578, 579, -1 - -28, 25, 34, -11, -44.877468 - 0.890492
436, 0, 0, 12 - 0, 0, 0, 0, 0.000000 - 0.000000
437, 0, 0, 13 - 0, 0, 0, 0, 0.000000 - 0.000000
438, 0, 0, 10 - 0, 0, 0, 0, 0.000000 - 0.000000
439, 0, 0, 11 - 0, 0, 0, 0, 0.000000 - 0.000000
440, 0, 0, 16 - 0, 0, 0, 0, 0.000000 - 0.000000
441, 580, 581, -1 - -22, -28, -17, 5, -2.255318 - 0.918296
442, 0, 0, 16 - 0, 0, 0, 0, 0.000000 - 0.000000
443, 582, 583, -1 - -46, -34, -19, 0, -13.864559 - 0.488939
444, 584, 585, -1 - 0, 0, 49, -24, -40.684225 - 1.000000
445, 0, 0, 16 - 0, 0, 0, 0, 0.000000 - 0.000000
446, 0, 0, 16 - 0, 0, 0, 0, 0.000000 - 0.000000
447, 0, 0, 2 - 0, 0, 0, 0, 0.000000 - 0.000000
448, 586, 587, -1 - 1, -5, -3, -15, -73.821223 - 0.811278
449, 0, 0, 15 - 0, 0, 0, 0, 0.000000 - 0.000000
450, 0, 0, 19 - 0, 0, 0, 0, 0.000000 - 0.000000
451, 0, 0, 20 - 0, 0, 0, 0, 0.000000 - 0.000000
452, 588, 589, -1 - 0, -55, 46, -35, -85.839412 - 0.276195
453, 0, 0, 18 - 0, 0, 0, 0, 0.000000 - 0.000000
454, 590, 591, -1 - -16, 5, -3, -1, 94.195379 - 0.004315
455, 592, 593, -1 - -44, -26, 14, 55, -67.485580 - 0.635212
456, 0, 0, 6 - 0, 0, 0, 0, 0.000000 - 0.000000
457, 594, 595, -1 - -29, -10, -13, -33, -17.813654 - 0.958712
458, 0, 0, 10 - 0, 0, 0, 0, 0.000000 - 0.000000
459, 0, 0, 2 - 0, 0, 0, 0, 0.000000 - 0.000000
460, 596, 597, -1 - 16, -18, -5, -57, -56.651509 - 0.970951
461, 0, 0, 18 - 0, 0, 0, 0, 0.000000 - 0.000000
462, 0, 0, 6 - 0, 0, 0, 0, 0.000000 - 0.000000
463, 0, 0, 14 - 0, 0, 0, 0, 0.000000 - 0.000000
464, 598, 599, -1 - -32, -40, -10, -44, -74.132511 - 0.744961
465, 600, 601, -1 - 0, 0, 49, -24, -40.684225 - 0.881291
466, 602, 603, -1 - 18, 5, 2, 4, -40.543840 - 0.015702
467, 0, 0, 14 - 0, 0, 0, 0, 0.000000 - 0.000000
468, 0, 0, 11 - 0, 0, 0, 0, 0.000000 - 0.000000
469, 604, 605, -1 - 0, 0, 49, -24, -40.684225 - 0.970951
470, 0, 0, 17 - 0, 0, 0, 0, 0.000000 - 0.000000
471, 0, 0, 12 - 0, 0, 0, 0, 0.000000 - 0.000000
472, 606, 607, -1 - 43, 29, 13, -54, 15.756706 - 0.005965
473, 0, 0, 15 - 0, 0, 0, 0, 0.000000 - 0.000000
474, 0, 0, 2 - 0, 0, 0, 0, 0.000000 - 0.000000
475, 608, 609, -1 - -28, 46, -7, 15, 42.326121 - 0.907696
476, 610, 611, -1 - 1, -5, -3, -15, -73.821223 - 0.024581
477, 612, 613, -1 - 47, 9, -5, -4, 74.767296 - 0.958712
478, 614, 615, -1 - 0, 0, 49, -24, -40.684225 - 0.346269
479, 616, 617, -1 - 28, -34, -47, 11, -68.626972 - 0.954940
480, 618, 619, -1 - 45, -12, 6, 12, 1.834162 - 0.183122
481, 620, 621, -1 - -8, -2, -15, -10, -42.338328 - 0.021597
482, 622, 623, -1 - 54, 18, 45, 4, 50.401318 - 0.205593
483, 624, 625, -1 - 33, -14, 1, 0, 38.694418 - 0.945156
484, 626, 627, -1 - 1, 21, 28, 5, 49.388104 - 0.034703
485, 628, 629, -1 - 17, -1, 1, 1, 48.844874 - 0.948613
486, 630, 631, -1 - 27, -24, 29, 22, 50.083926 - 0.263519
487, 0, 0, 14 - 0, 0, 0, 0, 0.000000 - 0.000000
488, 0, 0, 15 - 0, 0, 0, 0, 0.000000 - 0.000000
489, 632, 633, -1 - -29, -10, -13, -33, -17.813654 - 0.863121
490, 0, 0, 7 - 0, 0, 0, 0, 0.000000 - 0.000000
491, 634, 635, -1 - -6, 51, 20, 30, -29.831843 - 0.391244
492, 0, 0, 8 - 0, 0, 0, 0, 0.000000 - 0.000000
493, 636, 637, -1 - 18, -9, -13, 1, -72.283090 - 0.721928
494, 0, 0, 8 - 0, 0, 0, 0, 0.000000 - 0.000000
495, 638, 639, -1 - 20, 32, -8, -2, -50.315867 - 0.918296
496, 640, 641, -1 - 7, -1, 10, 35, 1.406903 - 0.407468
497, 642, 643, -1 - 6, 12, 25, 21, 70.647298 - 0.059883
498, 0, 0, 8 - 0, 0, 0, 0, 0.000000 - 0.000000
499, 0, 0, 9 - 0, 0, 0, 0, 0.000000 - 0.000000
500, 0, 0, 12 - 0, 0, 0, 0, 0.000000 - 0.000000
501, 0, 0, 13 - 0, 0, 0, 0, 0.000000 - 0.000000
502, 0, 0, 2 - 0, 0, 0, 0, 0.000000 - 0.000000
503, 644, 645, -1 - 0, -55, 46, -35, -85.839412 - 0.994030
504, 0, 0, 2 - 0, 0, 0, 0, 0.000000 - 0.000000
505, 646, 647, -1 - -16, -1, 0, -37, -82.311472 - 0.359102
506, 648, 649, -1 - 0, 0, 49, -24, -40.684225 - 1.000000
507, 0, 0, 6 - 0, 0, 0, 0, 0.000000 - 0.000000
508, 0, 0, 2 - 0, 0, 0, 0, 0.000000 - 0.000000
509, 0, 0, 10 - 0, 0, 0, 0, 0.000000 - 0.000000
510, 0, 0, 6 - 0, 0, 0, 0, 0.000000 - 0.000000
511, 650, 651, -1 - -9, -19, -14, -52, -98.876919 - 0.144902
512, 0, 0, 3 - 0, 0, 0, 0, 0.000000 - 0.000000
513, 0, 0, 2 - 0, 0, 0, 0, 0.000000 - 0.000000
514, 0, 0, 6 - 0, 0, 0, 0, 0.000000 - 0.000000
515, 0, 0, 2 - 0, 0, 0, 0, 0.000000 - 0.000000
516, 0, 0, 18 - 0, 0, 0, 0, 0.000000 - 0.000000
517, 0, 0, 2 - 0, 0, 0, 0, 0.000000 - 0.000000
518, 652, 653, -1 - 54, 4, 8, 29, -48.265023 - 0.150920
519, 0, 0, 2 - 0, 0, 0, 0, 0.000000 - 0.000000
520, 0, 0, 19 - 0, 0, 0, 0, 0.000000 - 0.000000
521, 0, 0, 2 - 0, 0, 0, 0, 0.000000 - 0.000000
522, 0, 0, 19 - 0, 0, 0, 0, 0.000000 - 0.000000
523, 0, 0, 2 - 0, 0, 0, 0, 0.000000 - 0.000000
524, 0, 0, 2 - 0, 0, 0, 0, 0.000000 - 0.000000
525, 0, 0, 18 - 0, 0, 0, 0, 0.000000 - 0.000000
526, 0, 0, 2 - 0, 0, 0, 0, 0.000000 - 0.000000
527, 0, 0, 18 - 0, 0, 0, 0, 0.000000 - 0.000000
528, 0, 0, 18 - 0, 0, 0, 0, 0.000000 - 0.000000
529, 0, 0, 2 - 0, 0, 0, 0, 0.000000 - 0.000000
530, 0, 0, 2 - 0, 0, 0, 0, 0.000000 - 0.000000
531, 0, 0, 18 - 0, 0, 0, 0, 0.000000 - 0.000000
532, 0, 0, 2 - 0, 0, 0, 0, 0.000000 - 0.000000
533, 0, 0, 1 - 0, 0, 0, 0, 0.000000 - 0.000000
534, 0, 0, 1 - 0, 0, 0, 0, 0.000000 - 0.000000
535, 654, 655, -1 - -1, 26, -27, 26, 66.222114 - 0.020315
536, 0, 0, 1 - 0, 0, 0, 0, 0.000000 - 0.000000
537, 656, 657, -1 - 12, 15, 56, -10, -18.521683 - 0.918296
538, 658, 659, -1 - -32, 22, -1, 23, 69.286172 - 0.721928
539, 0, 0, 2 - 0, 0, 0, 0, 0.000000 - 0.000000
540, 0, 0, 2 - 0, 0, 0, 0, 0.000000 - 0.000000
541, 660, 661, -1 - 3, -27, 52, 2, -10.397656 - 0.345117
542, 662, 663, -1 - 11, -42, 6, 13, 75.206763 - 0.099060
543, 664, 665, -1 - 12, -47, 1, 12, -37.388226 - 0.002995
544, 666, 667, -1 - 3, 7, 19, 14, -1.077303 - 0.111690
545, 668, 669, -1 - 40, -19, -27, -30, 99.029511 - 0.179834
546, 670, 671, -1 - -3, -21, 0, 16, -26.841029 - 0.650022
547, 672, 673, -1 - -27, -4, -3, 0, -35.935545 - 0.105927
548, 0, 0, 2 - 0, 0, 0, 0, 0.000000 - 0.000000
549, 0, 0, 1 - 0, 0, 0, 0, 0.000000 - 0.000000
550, 0, 0, 2 - 0, 0, 0, 0, 0.000000 - 0.000000
551, 674, 675, -1 - 59, -6, 3, 45, 77.538377 - 0.890492
552, 0, 0, 1 - 0, 0, 0, 0, 0.000000 - 0.000000
553, 0, 0, 2 - 0, 0, 0, 0, 0.000000 - 0.000000
554, 676, 677, -1 - 36, -9, 51, -12, -33.829768 - 0.385973
555, 0, 0, 1 - 0, 0, 0, 0, 0.000000 - 0.000000
556, 678, 679, -1 - 48, -18, -2, 6, 61.882382 - 0.530848
557, 680, 681, -1 - 47, -23, 26, -16, -56.865139 - 0.067000
558, 0, 0, 2 - 0, 0, 0, 0, 0.000000 - 0.000000
559, 0, 0, 1 - 0, 0, 0, 0, 0.000000 - 0.000000
560, 0, 0, 2 - 0, 0, 0, 0, 0.000000 - 0.000000
561, 0, 0, 1 - 0, 0, 0, 0, 0.000000 - 0.000000
562, 0, 0, 1 - 0, 0, 0, 0, 0.000000 - 0.000000
563, 682, 683, -1 - 50, -30, 12, -58, -25.333415 - 0.272844
564, 0, 0, 18 - 0, 0, 0, 0, 0.000000 - 0.000000
565, 0, 0, 21 - 0, 0, 0, 0, 0.000000 - 0.000000
566, 0, 0, 17 - 0, 0, 0, 0, 0.000000 - 0.000000
567, 0, 0, 19 - 0, 0, 0, 0, 0.000000 - 0.000000
568, 0, 0, 20 - 0, 0, 0, 0, 0.000000 - 0.000000
569, 0, 0, 21 - 0, 0, 0, 0, 0.000000 - 0.000000
570, 0, 0, 10 - 0, 0, 0, 0, 0.000000 - 0.000000
571, 0, 0, 2 - 0, 0, 0, 0, 0.000000 - 0.000000
572, 684, 685, -1 - -12, -3, -22, 1, 32.963042 - 0.317390
573, 686, 687, -1 - 29, 42, -49, 17, 79.271828 - 0.216397
574, 688, 689, -1 - -29, -10, -13, -33, -17.813654 - 0.337290
575, 0, 0, 10 - 0, 0, 0, 0, 0.000000 - 0.000000
576, 0, 0, 11 - 0, 0, 0, 0, 0.000000 - 0.000000
577, 690, 691, -1 - 21, -22, 14, 53, -79.308451 - 0.004496
578, 0, 0, 11 - 0, 0, 0, 0, 0.000000 - 0.000000
579, 0, 0, 10 - 0, 0, 0, 0, 0.000000 - 0.000000
580, 0, 0, 17 - 0, 0, 0, 0, 0.000000 - 0.000000
581, 0, 0, 16 - 0, 0, 0, 0, 0.000000 - 0.000000
582, 692, 693, -1 - 0, -28, -50, -11, -8.206427 - 0.543564
583, 694, 695, -1 - -46, 6, 8, 24, 44.364757 - 0.468996
584, 696, 697, -1 - 18, -9, -13, 1, -72.283090 - 1.000000
585, 0, 0, 2 - 0, 0, 0, 0, 0.000000 - 0.000000
586, 0, 0, 15 - 0, 0, 0, 0, 0.000000 - 0.000000
587, 0, 0, 14 - 0, 0, 0, 0, 0.000000 - 0.000000
588, 0, 0, 2 - 0, 0, 0, 0, 0.000000 - 0.000000
589, 0, 0, 14 - 0, 0, 0, 0, 0.000000 - 0.000000
590, 698, 699, -1 - 22, 2, -2, -11, 27.988525 - 0.001065
591, 700, 701, -1 - 16, -13, -1, 38, -89.794610 - 0.918296
592, 0, 0, 10 - 0, 0, 0, 0, 0.000000 - 0.000000
593, 0, 0, 2 - 0, 0, 0, 0, 0.000000 - 0.000000
594, 0, 0, 11 - 0, 0, 0, 0, 0.000000 - 0.000000
595, 0, 0, 19 - 0, 0, 0, 0, 0.000000 - 0.000000
596, 0, 0, 16 - 0, 0, 0, 0, 0.000000 - 0.000000
597, 702, 703, -1 - 0, -55, 46, -35, -85.839412 - 0.918296
598, 0, 0, 14 - 0, 0, 0, 0, 0.000000 - 0.000000
599, 704, 705, -1 - 53, 22, -37, -33, 33.323160 - 0.439497
600, 0, 0, 17 - 0, 0, 0, 0, 0.000000 - 0.000000
601, 0, 0, 18 - 0, 0, 0, 0, 0.000000 - 0.000000
602, 0, 0, 14 - 0, 0, 0, 0, 0.000000 - 0.000000
603, 706, 707, -1 - -10, -47, 10, -1, -92.162847 - 0.019416
604, 0, 0, 16 - 0, 0, 0, 0, 0.000000 - 0.000000
605, 0, 0, 10 - 0, 0, 0, 0, 0.000000 - 0.000000
606, 708, 709, -1 - -10, -9, -10, -29, 29.929502 - 0.003223
607, 0, 0, 18 - 0, 0, 0, 0, 0.000000 - 0.000000
608, 0, 0, 17 - 0, 0, 0, 0, 0.000000 - 0.000000
609, 0, 0, 16 - 0, 0, 0, 0, 0.000000 - 0.000000
610, 0, 0, 19 - 0, 0, 0, 0, 0.000000 - 0.000000
611, 0, 0, 18 - 0, 0, 0, 0, 0.000000 - 0.000000
612, 710, 711, -1 - 0, 0, 49, -24, -40.684225 - 0.995727
613, 0, 0, 19 - 0, 0, 0, 0, 0.000000 - 0.000000
614, 712, 713, -1 - 12, 15, 56, -10, -18.521683 - 0.985228
615, 0, 0, 10 - 0, 0, 0, 0, 0.000000 - 0.000000
616, 714, 715, -1 - 17, -1, 1, 1, 48.844874 - 0.144900
617, 716, 717, -1 - -3, -12, 34, -36, -48.735008 - 0.089703
618, 0, 0, 14 - 0, 0, 0, 0, 0.000000 - 0.000000
619, 0, 0, 15 - 0, 0, 0, 0, 0.000000 - 0.000000
620, 0, 0, 15 - 0, 0, 0, 0, 0.000000 - 0.000000
621, 0, 0, 14 - 0, 0, 0, 0, 0.000000 - 0.000000
622, 0, 0, 19 - 0, 0, 0, 0, 0.000000 - 0.000000
623, 0, 0, 18 - 0, 0, 0, 0, 0.000000 - 0.000000
624, 0, 0, 20 - 0, 0, 0, 0, 0.000000 - 0.000000
625, 718, 719, -1 - 17, -1, 1, 1, 48.844874 - 0.135036
626, 0, 0, 16 - 0, 0, 0, 0, 0.000000 - 0.000000
627, 0, 0, 15 - 0, 0, 0, 0, 0.000000 - 0.000000
628, 0, 0, 15 - 0, 0, 0, 0, 0.000000 - 0.000000
629, 0, 0, 17 - 0, 0, 0, 0, 0.000000 - 0.000000
630, 720, 721, -1 - 15, 27, 15, 8, 20.499283 - 0.168661
631, 722, 723, -1 - -5, -42, -51, 21, -91.228980 - 0.979869
632, 724, 725, -1 - -28, 25, 34, -11, -44.877468 - 1.000000
633, 0, 0, 15 - 0, 0, 0, 0, 0.000000 - 0.000000
634, 0, 0, 7 - 0, 0, 0, 0, 0.000000 - 0.000000
635, 0, 0, 8 - 0, 0, 0, 0, 0.000000 - 0.000000
636, 0, 0, 7 - 0, 0, 0, 0, 0.000000 - 0.000000
637, 0, 0, 8 - 0, 0, 0, 0, 0.000000 - 0.000000
638, 0, 0, 5 - 0, 0, 0, 0, 0.000000 - 0.000000
639, 0, 0, 9 - 0, 0, 0, 0, 0.000000 - 0.000000
640, 726, 727, -1 - 10, 9, 5, 6, 99.450667 - 0.439497
641, 0, 0, 9 - 0, 0, 0, 0, 0.000000 - 0.000000
642, 728, 729, -1 - 0, 0, -23, 30, 56.016724 - 0.060334
643, 0, 0, 8 - 0, 0, 0, 0, 0.000000 - 0.000000
644, 0, 0, 17 - 0, 0, 0, 0, 0.000000 - 0.000000
645, 730, 731, -1 - 17, -1, 1, 1, 48.844874 - 0.970951
646, 0, 0, 2 - 0, 0, 0, 0, 0.000000 - 0.000000
647, 732, 733, -1 - 54, 18, 45, 4, 50.401318 - 0.918296
648, 0, 0, 11 - 0, 0, 0, 0, 0.000000 - 0.000000
649, 0, 0, 15 - 0, 0, 0, 0, 0.000000 - 0.000000
650, 734, 735, -1 - 5, -2, -24, 27, 4.519791 - 0.985228
651, 736, 737, -1 - -22, -42, -39, 7, -70.482498 - 0.103844
652, 738, 739, -1 - 1, 0, 27, -22, -29.233680 - 0.113274
653, 0, 0, 18 - 0, 0, 0, 0, 0.000000 - 0.000000
654, 740, 741, -1 - 50, 27, 4, -2, 38.639485 - 0.012920
655, 0, 0, 1 - 0, 0, 0, 0, 0.000000 - 0.000000
656, 0, 0, 2 - 0, 0, 0, 0, 0.000000 - 0.000000
657, 0, 0, 1 - 0, 0, 0, 0, 0.000000 - 0.000000
658, 0, 0, 2 - 0, 0, 0, 0, 0.000000 - 0.000000
659, 0, 0, 1 - 0, 0, 0, 0, 0.000000 - 0.000000
660, 0, 0, 2 - 0, 0, 0, 0, 0.000000 - 0.000000
661, 0, 0, 1 - 0, 0, 0, 0, 0.000000 - 0.000000
662, 742, 743, -1 - -24, -2, 1, 16, -47.734001 - 0.310601
663, 744, 745, -1 - 12, -35, 21, 27, -62.504959 - 0.032017
664, 746, 747, -1 - -39, -38, -4, 10, 2.310251 - 0.090544
665, 0, 0, 1 - 0, 0, 0, 0, 0.000000 - 0.000000
666, 748, 749, -1 - 5, -47, -3, 33, -73.796808 - 0.387541
667, 750, 751, -1 - 12, -56, -6, 25, -50.059511 - 0.036497
668, 752, 753, -1 - 28, 8, -17, -3, -83.159886 - 0.112224
669, 0, 0, 1 - 0, 0, 0, 0, 0.000000 - 0.000000
670, 0, 0, 1 - 0, 0, 0, 0, 0.000000 - 0.000000
671, 0, 0, 2 - 0, 0, 0, 0, 0.000000 - 0.000000
672, 0, 0, 1 - 0, 0, 0, 0, 0.000000 - 0.000000
673, 754, 755, -1 - -29, 13, -2, 9, 71.507920 - 0.030006
674, 0, 0, 1 - 0, 0, 0, 0, 0.000000 - 0.000000
675, 0, 0, 2 - 0, 0, 0, 0, 0.000000 - 0.000000
676, 756, 757, -1 - 12, 15, 56, -10, -18.521683 - 0.406715
677, 0, 0, 1 - 0, 0, 0, 0, 0.000000 - 0.000000
678, 758, 759, -1 - 0, -19, 9, -17, 5.136265 - 0.585676
679, 0, 0, 2 - 0, 0, 0, 0, 0.000000 - 0.000000
680, 0, 0, 2 - 0, 0, 0, 0, 0.000000 - 0.000000
681, 0, 0, 1 - 0, 0, 0, 0, 0.000000 - 0.000000
682, 0, 0, 1 - 0, 0, 0, 0, 0.000000 - 0.000000
683, 760, 761, -1 - 20, 32, -8, -2, -50.315867 - 0.918296
684, 762, 763, -1 - -31, -48, -26, 9, 54.142888 - 0.402991
685, 0, 0, 11 - 0, 0, 0, 0, 0.000000 - 0.000000
686, 0, 0, 10 - 0, 0, 0, 0, 0.000000 - 0.000000
687, 0, 0, 11 - 0, 0, 0, 0, 0.000000 - 0.000000
688, 0, 0, 10 - 0, 0, 0, 0, 0.000000 - 0.000000
689, 0, 0, 2 - 0, 0, 0, 0, 0.000000 - 0.000000
690, 764, 765, -1 - -26, -12, 20, 27, 84.356212 - 0.591673
691, 0, 0, 12 - 0, 0, 0, 0, 0.000000 - 0.000000
692, 0, 0, 16 - 0, 0, 0, 0, 0.000000 - 0.000000
693, 0, 0, 15 - 0, 0, 0, 0, 0.000000 - 0.000000
694, 0, 0, 16 - 0, 0, 0, 0, 0.000000 - 0.000000
695, 0, 0, 15 - 0, 0, 0, 0, 0.000000 - 0.000000
696, 0, 0, 15 - 0, 0, 0, 0, 0.000000 - 0.000000
697, 0, 0, 10 - 0, 0, 0, 0, 0.000000 - 0.000000
698, 0, 0, 2 - 0, 0, 0, 0, 0.000000 - 0.000000
699, 766, 767, -1 - 0, -55, 46, -35, -85.839412 - 0.413817
700, 0, 0, 19 - 0, 0, 0, 0, 0.000000 - 0.000000
701, 0, 0, 12 - 0, 0, 0, 0, 0.000000 - 0.000000
702, 0, 0, 2 - 0, 0, 0, 0, 0.000000 - 0.000000
703, 0, 0, 19 - 0, 0, 0, 0, 0.000000 - 0.000000
704, 0, 0, 2 - 0, 0, 0, 0, 0.000000 - 0.000000
705, 0, 0, 14 - 0, 0, 0, 0, 0.000000 - 0.000000
706, 0, 0, 14 - 0, 0, 0, 0, 0.000000 - 0.000000
707, 0, 0, 2 - 0, 0, 0, 0, 0.000000 - 0.000000
708, 0, 0, 14 - 0, 0, 0, 0, 0.000000 - 0.000000
709, 0, 0, 15 - 0, 0, 0, 0, 0.000000 - 0.000000
710, 0, 0, 18 - 0, 0, 0, 0, 0.000000 - 0.000000
711, 0, 0, 2 - 0, 0, 0, 0, 0.000000 - 0.000000
712, 0, 0, 11 - 0, 0, 0, 0, 0.000000 - 0.000000
713, 768, 769, -1 - 18, -9, -13, 1, -72.283090 - 0.918296
714, 0, 0, 2 - 0, 0, 0, 0, 0.000000 - 0.000000
715, 0, 0, 18 - 0, 0, 0, 0, 0.000000 - 0.000000
716, 0, 0, 14 - 0, 0, 0, 0, 0.000000 - 0.000000
717, 0, 0, 2 - 0, 0, 0, 0, 0.000000 - 0.000000
718, 0, 0, 11 - 0, 0, 0, 0, 0.000000 - 0.000000
719, 0, 0, 21 - 0, 0, 0, 0, 0.000000 - 0.000000
720, 0, 0, 15 - 0, 0, 0, 0, 0.000000 - 0.000000
721, 0, 0, 14 - 0, 0, 0, 0, 0.000000 - 0.000000
722, 0, 0, 15 - 0, 0, 0, 0, 0.000000 - 0.000000
723, 0, 0, 14 - 0, 0, 0, 0, 0.000000 - 0.000000
724, 0, 0, 11 - 0, 0, 0, 0, 0.000000 - 0.000000
725, 0, 0, 16 - 0, 0, 0, 0, 0.000000 - 0.000000
726, 0, 0, 8 - 0, 0, 0, 0, 0.000000 - 0.000000
727, 0, 0, 9 - 0, 0, 0, 0, 0.000000 - 0.000000
728, 0, 0, 9 - 0, 0, 0, 0, 0.000000 - 0.000000
729, 770, 771, -1 - 12, 15, 56, -10, -18.521683 - 1.000000
730, 0, 0, 11 - 0, 0, 0, 0, 0.000000 - 0.000000
731, 0, 0, 13 - 0, 0, 0, 0, 0.000000 - 0.000000
732, 0, 0, 6 - 0, 0, 0, 0, 0.000000 - 0.000000
733, 0, 0, 10 - 0, 0, 0, 0, 0.000000 - 0.000000
734, 0, 0, 2 - 0, 0, 0, 0, 0.000000 - 0.000000
735, 0, 0, 6 - 0, 0, 0, 0, 0.000000 - 0.000000
736, 0, 0, 7 - 0, 0, 0, 0, 0.000000 - 0.000000
737, 0, 0, 6 - 0, 0, 0, 0, 0.000000 - 0.000000
738, 0, 0, 18 - 0, 0, 0, 0, 0.000000 - 0.000000
739, 0, 0, 2 - 0, 0, 0, 0, 0.000000 - 0.000000
740, 0, 0, 2 - 0, 0, 0, 0, 0.000000 - 0.000000
741, 0, 0, 1 - 0, 0, 0, 0, 0.000000 - 0.000000
742, 772, 773, -1 - -24, -14, 27, -29, 0.369274 - 0.306299
743, 774, 775, -1 - -50, 6, -2, 13, 55.485702 - 0.328370
744, 776, 777, -1 - -2, -38, 4, 17, 7.406842 - 0.061481
745, 0, 0, 1 - 0, 0, 0, 0, 0.000000 - 0.000000
746, 0, 0, 1 - 0, 0, 0, 0, 0.000000 - 0.000000
747, 0, 0, 2 - 0, 0, 0, 0, 0.000000 - 0.000000
748, 778, 779, -1 - 3, -4, 50, -30, -1.779229 - 0.650022
749, 780, 781, -1 - 56, -18, -21, -18, -2.127140 - 0.143200
750, 0, 0, 2 - 0, 0, 0, 0, 0.000000 - 0.000000
751, 782, 783, -1 - -12, -37, 0, -1, -70.879238 - 0.041240
752, 784, 785, -1 - 0, -43, -15, -45, -88.470107 - 0.918296
753, 0, 0, 2 - 0, 0, 0, 0, 0.000000 - 0.000000
754, 786, 787, -1 - 4, -55, 45, 17, 51.853999 - 0.204154
755, 0, 0, 2 - 0, 0, 0, 0, 0.000000 - 0.000000
756, 788, 789, -1 - -10, 27, 15, -13, -35.160375 - 0.764204
757, 0, 0, 1 - 0, 0, 0, 0, 0.000000 - 0.000000
758, 0, 0, 1 - 0, 0, 0, 0, 0.000000 - 0.000000
759, 790, 791, -1 - 38, 45, 2, -15, -8.987701 - 0.721928
760, 0, 0, 1 - 0, 0, 0, 0, 0.000000 - 0.000000
761, 0, 0, 2 - 0, 0, 0, 0, 0.000000 - 0.000000
762, 0, 0, 10 - 0, 0, 0, 0, 0.000000 - 0.000000
763, 792, 793, -1 - 0, 6, 6, 7, -49.992370 - 0.721928
764, 0, 0, 12 - 0, 0, 0, 0, 0.000000 - 0.000000
765, 0, 0, 11 - 0, 0, 0, 0, 0.000000 - 0.000000
766, 0, 0, 10 - 0, 0, 0, 0, 0.000000 - 0.000000
767, 0, 0, 2 - 0, 0, 0, 0, 0.000000 - 0.000000
768, 0, 0, 16 - 0, 0, 0, 0, 0.000000 - 0.000000
769, 0, 0, 15 - 0, 0, 0, 0, 0.000000 - 0.000000
770, 0, 0, 9 - 0, 0, 0, 0, 0.000000 - 0.000000
771, 0, 0, 8 - 0, 0, 0, 0, 0.000000 - 0.000000
772, 0, 0, 1 - 0, 0, 0, 0, 0.000000 - 0.000000
773, 794, 795, -1 - 4, -30, -25, 11, -71.727653 - 0.462829
774, 796, 797, -1 - 0, -37, 27, 22, -30.582598 - 0.970951
775, 798, 799, -1 - -11, -14, 33, -19, -3.128147 - 0.131107
776, 800, 801, -1 - -4, -38, 3, -10, -1.223792 - 0.018378
777, 802, 803, -1 - -20, -17, 46, -33, -4.910428 - 0.113143
778, 0, 0, 1 - 0, 0, 0, 0, 0.000000 - 0.000000
779, 0, 0, 2 - 0, 0, 0, 0, 0.000000 - 0.000000
780, 804, 805, -1 - -3, 7, -12, -9, 27.780999 - 0.420776
781, 0, 0, 1 - 0, 0, 0, 0, 0.000000 - 0.000000
782, 0, 0, 2 - 0, 0, 0, 0, 0.000000 - 0.000000
783, 806, 807, -1 - -7, 43, -2, -45, 73.100986 - 0.021314
784, 0, 0, 1 - 0, 0, 0, 0, 0.000000 - 0.000000
785, 0, 0, 2 - 0, 0, 0, 0, 0.000000 - 0.000000
786, 808, 809, -1 - 15, -1, 58, 11, 44.999542 - 0.162326
787, 0, 0, 1 - 0, 0, 0, 0, 0.000000 - 0.000000
788, 0, 0, 1 - 0, 0, 0, 0, 0.000000 - 0.000000
789, 0, 0, 2 - 0, 0, 0, 0, 0.000000 - 0.000000
790, 0, 0, 2 - 0, 0, 0, 0, 0.000000 - 0.000000
791, 0, 0, 1 - 0, 0, 0, 0, 0.000000 - 0.000000
792, 0, 0, 10 - 0, 0, 0, 0, 0.000000 - 0.000000
793, 0, 0, 11 - 0, 0, 0, 0, 0.000000 - 0.000000
794, 810, 811, -1 - -26, -4, 4, 28, -78.258614 - 0.428264
795, 0, 0, 2 - 0, 0, 0, 0, 0.000000 - 0.000000
796, 0, 0, 2 - 0, 0, 0, 0, 0.000000 - 0.000000
797, 0, 0, 1 - 0, 0, 0, 0, 0.000000 - 0.000000
798, 0, 0, 1 - 0, 0, 0, 0, 0.000000 - 0.000000
799, 0, 0, 2 - 0, 0, 0, 0, 0.000000 - 0.000000
800, 0, 0, 2 - 0, 0, 0, 0, 0.000000 - 0.000000
801, 812, 813, -1 - -15, 5, 21, 36, -65.654469 - 0.012766
802, 814, 815, -1 - 8, 15, 0, 19, -27.811518 - 0.049503
803, 816, 817, -1 - 0, -32, -28, -1, -76.775414 - 0.380733
804, 818, 819, -1 - 8, -21, 2, -42, -55.247658 - 0.961237
805, 0, 0, 1 - 0, 0, 0, 0, 0.000000 - 0.000000
806, 0, 0, 1 - 0, 0, 0, 0, 0.000000 - 0.000000
807, 820, 821, -1 - 0, 5, 6, 17, -81.499680 - 0.353359
808, 0, 0, 2 - 0, 0, 0, 0, 0.000000 - 0.000000
809, 0, 0, 1 - 0, 0, 0, 0, 0.000000 - 0.000000
810, 0, 0, 1 - 0, 0, 0, 0, 0.000000 - 0.000000
811, 822, 823, -1 - 56, -18, -21, -18, -2.127140 - 0.954434
812, 0, 0, 1 - 0, 0, 0, 0, 0.000000 - 0.000000
813, 824, 825, -1 - 54, 23, 2, 3, -16.806543 - 0.503258
814, 0, 0, 1 - 0, 0, 0, 0, 0.000000 - 0.000000
815, 826, 827, -1 - -4, 12, 51, -28, -3.042695 - 0.141725
816, 828, 829, -1 - -6, 15, 8, 17, -19.309061 - 0.154464
817, 830, 831, -1 - -2, 8, -1, 18, -22.519608 - 0.325045
818, 0, 0, 1 - 0, 0, 0, 0, 0.000000 - 0.000000
819, 0, 0, 2 - 0, 0, 0, 0, 0.000000 - 0.000000
820, 0, 0, 2 - 0, 0, 0, 0, 0.000000 - 0.000000
821, 0, 0, 1 - 0, 0, 0, 0, 0.000000 - 0.000000
822, 0, 0, 1 - 0, 0, 0, 0, 0.000000 - 0.000000
823, 0, 0, 2 - 0, 0, 0, 0, 0.000000 - 0.000000
824, 0, 0, 2 - 0, 0, 0, 0, 0.000000 - 0.000000
825, 0, 0, 1 - 0, 0, 0, 0, 0.000000 - 0.000000
826, 832, 833, -1 - 56, -18, -21, -18, -2.127140 - 0.118731
827, 834, 835, -1 - -44, -28, -21, 7, 13.608203 - 0.650022
828, 836, 837, -1 - -28, 46, -7, 15, 42.326121 - 1.000000
829, 0, 0, 2 - 0, 0, 0, 0, 0.000000 - 0.000000
830, 0, 0, 1 - 0, 0, 0, 0, 0.000000 - 0.000000
831, 838, 839, -1 - -40, 3, 18, 25, 87.426374 - 0.281745
832, 840, 841, -1 - 25, 23, -3, -27, -92.815943 - 0.360494
833, 0, 0, 1 - 0, 0, 0, 0, 0.000000 - 0.000000
834, 0, 0, 1 - 0, 0, 0, 0, 0.000000 - 0.000000
835, 0, 0, 2 - 0, 0, 0, 0, 0.000000 - 0.000000
836, 0, 0, 2 - 0, 0, 0, 0, 0.000000 - 0.000000
837, 0, 0, 1 - 0, 0, 0, 0, 0.000000 - 0.000000
838, 842, 843, -1 - 27, 43, 3, -31, 97.363201 - 0.617511
839, 0, 0, 2 - 0, 0, 0, 0, 0.000000 - 0.000000
840, 844, 845, -1 - -11, 20, -5, -32, -54.307688 - 0.503258
841, 0, 0, 2 - 0, 0, 0, 0, 0.000000 - 0.000000
842, 0, 0, 1 - 0, 0, 0, 0, 0.000000 - 0.000000
843, 846, 847, -1 - -19, -26, 20, -39, -1.785333 - 0.721928
844, 0, 0, 2 - 0, 0, 0, 0, 0.000000 - 0.000000
845, 0, 0, 1 - 0, 0, 0, 0, 0.000000 - 0.000000
846, 0, 0, 1 - 0, 0, 0, 0, 0.000000 - 0.000000
847, 0, 0, 2 - 0, 0, 0, 0, 0.000000 - 0.000000
